SubjectID,Hemisphere,AvgCortThickness,PialArea,SmoothPialArea,WhiteArea,ConvexHullArea,PialFullArea,WhiteFullArea,SmoothPialFullArea,ConvexHullFullArea,PialFullVol,WhiteFullVol,GreymatterVol,SmoothPialFullVol
SUBJ002,left,2.33776576884759,104854.920050303,38270.104759222,89199.2986082983,40034.7082081521,109571.088867733,93741.5112144247,40713.4135282718,42478.0169772019,1100824.25121451,884299.058745998,216525.192468507,623483.193324205
SUBJ002,right,2.3292636061657,106313.788621833,38949.0096286324,90230.1607116305,40765.6700140596,110857.951095297,94536.0058128,41318.4622748175,43135.1226602447,1127272.85095749,909440.010990242,217832.839967248,636966.639604972
SUBJ003,left,2.39771979369962,109094.219380685,41641.524301434,94159.7962267554,43696.6762200093,113568.230708668,98562.2013297742,44500.9183818848,46556.0703004601,1087966.29584613,857476.393462103,230489.90238403,669124.58395629
SUBJ003,right,2.43287984369796,109396.242066627,41603.300170798,94314.2145634508,43364.8706940557,114023.743142605,98868.8182539375,44343.7305030527,46105.3010263104,1098594.96158941,863917.912316931,234677.049272481,680346.225516997
SUBJ005,left,2.48489129179924,97952.6630675822,37928.5801258001,83835.8990071021,40190.963827641,101898.018757363,87713.5118276914,40446.5937565374,42708.9774583783,945940.63432672,730239.176527145,215701.457799575,571518.376785327
SUBJ005,right,2.47497131666196,96979.3663095801,37908.2853170947,83328.1811427908,40231.9248967098,100736.742567335,87091.8724444055,40321.9251156065,42645.5646952216,931731.553430761,723664.838454679,208066.714976082,575873.811942848
SUBJ006,left,2.41769510227877,87214.6327233789,34931.5395956608,74571.1267951038,36779.3248600055,91106.5351775496,78388.5224328576,37521.46172366,39369.2469880047,969597.833870128,790963.262269822,178634.571600306,564796.560870933
SUBJ006,right,2.4272593789402,88849.3435177124,35110.5893001189,75311.1725788571,36931.0438821121,92764.0336065019,79160.1850658842,37591.2040290689,39411.6586110621,974303.636989681,781963.434584532,192340.202405149,569955.28218929
SUBJ007,left,2.51634582445783,99857.8500875586,38656.0678936501,84669.5243397766,40878.6604822643,103698.048554397,88528.5242660976,41110.8984063275,43333.4909949417,982602.337349805,765013.527185883,217588.810163922,594724.921199776
SUBJ007,right,2.53916871539203,100535.034327021,38369.7570302026,86296.3813167424,39933.2488236522,104342.930551172,89959.9580969859,40646.5199752842,42210.0117687337,972927.796655153,755828.513197666,217099.283457487,595900.143201267
SUBJ010,left,2.59995512256829,97348.724324857,36880.2836617248,80522.9412732621,38932.8582276911,101267.295858333,84409.4620609917,39350.2534479475,41402.8280139138,921783.686821392,692722.720483752,229060.96633764,558700.844421341
SUBJ010,right,2.65499143120973,97079.2533375317,36430.6099607356,80778.3329289741,37916.1627647484,100973.039711337,84642.9813490373,38807.1725129487,40292.7253169615,924287.292241754,697601.677698382,226685.614543372,558807.758767958
SUBJ011,left,2.30112848808037,96361.3374490462,35983.0219854727,82204.656613701,37934.3014601946,100102.134566329,85883.2835812243,38432.5140031522,40383.7934778742,990388.60193303,798246.561292608,192142.040640422,558795.997751192
SUBJ011,right,2.28746418037897,95845.1527192207,35892.009477472,81621.3116300395,37496.8614152112,99513.6466934025,85281.4910934161,38253.6484363409,39858.5003740802,974801.007908859,785227.842856182,189573.165052677,552802.929260032
SUBJ014,left,2.35465943437163,103729.182118879,39779.7063935153,87894.9809662705,41751.083723204,107639.34075018,91772.5268617922,42274.665555228,44246.0428849167,1117770.72230327,892698.950473446,225071.771829823,651676.466291471
SUBJ014,right,2.35157294122757,104418.652523281,39066.9926379948,88176.8468661358,40845.226355914,108723.34893082,92335.4633711898,41490.8157209474,43269.0494388666,1105990.34594313,877616.684858024,228373.661085104,638343.870246992
SUBJ018,left,2.56853884178539,87632.3545737582,34999.2283588459,74866.7133953199,36784.9058637789,91298.2391317748,78502.6399406438,37292.5332141266,39078.2107190596,819682.114894327,633202.840783313,186479.274111013,525524.304117105
SUBJ018,right,2.54564659001521,86618.5546072154,34654.1308286613,74237.2821791702,36711.0839329762,90609.8487245345,78193.535162631,36765.4341203323,38822.3872246472,831412.329337857,647281.012783702,184131.316554155,532683.023051774
SUBJ024,left,2.29666766038589,97086.961248712,37899.4549925197,82862.9178440279,39552.2428538226,101808.301948666,87375.2993489692,40726.279314121,42379.0671754239,1131652.86374004,923061.440371047,208591.423368997,629341.001114058
SUBJ024,right,2.23531608316057,99333.8622453036,38411.0015511128,84358.1658790184,40196.6423535441,103794.591083042,88758.6530437406,41124.2843112036,42909.9251136349,1162483.91116523,946567.322380888,215916.588784342,647593.58987062
SUBJ025,left,2.31662713683,95558.5901894734,37265.7114537603,85102.5540171058,39567.7566849679,99391.9777728986,88961.8333694791,39704.7367180695,42006.7819492771,1058609.57929982,887065.956407206,171543.622892611,606748.652508306
SUBJ025,right,2.27015559497484,93349.1052400372,36354.7335683808,82593.9489538075,38422.3138390785,97262.3607058808,86414.8198720278,38797.5012383054,40865.0815090031,1013638.21447888,844038.302649707,169599.911829168,587421.693530647
SUBJ027,left,2.61564830863772,90037.2564163866,35771.1592495479,75740.4350661438,37887.6721546437,94261.6481539239,79922.0815999091,38364.2676930344,40480.7805981302,864864.599768843,661951.591087631,202913.008681213,526677.744395829
SUBJ027,right,2.60831089508631,90411.3688910534,35383.5155313292,76429.5603253099,37117.898463076,94532.9998591008,80430.4144378942,37826.1204241877,39560.5033559345,849459.94763377,649704.278631002,199755.669002768,527452.769392269
SUBJ030,left,2.4530729751035,83734.6393655861,32818.4681991562,69502.238607277,34847.8501013341,87382.8446842201,73087.424752983,35267.8513461059,37297.2332482838,849000.112494835,659602.99879542,189397.113699415,490659.869758762
SUBJ030,right,2.41318254219031,84049.4298265385,32833.5895732249,70060.5681781904,34342.3050398586,87678.1947781351,73638.1396947897,35159.7458380315,36668.4613046652,839681.037215551,654865.35888139,184815.678334162,486044.158414027
SUBJ035,left,2.28820659864934,110801.399678198,42586.4546431201,98433.8203549945,45044.6149247437,116119.230010499,103717.97266244,46054.8065612331,48512.9668428567,1276199.7031163,1071966.40619344,204233.296922856,708794.80621969
SUBJ035,right,2.35905894205482,111168.319384206,43687.4959694925,97196.6026587761,45706.7532257967,116293.629681818,102276.053107767,47057.2961276582,49076.5533839624,1316604.86892933,1088931.5114614,227673.357467926,732265.714993414
SUBJ039,left,2.35804877421966,98024.655775958,36897.3778872024,83195.2155677153,38744.4709986232,101768.61233103,86943.9446179363,39436.2009110137,41283.2940224345,1049407.10612763,840541.399566071,208865.706561563,571288.56740814
SUBJ039,right,2.44048153709472,98136.5176440383,36934.8596294281,83170.9544312558,39003.0522068814,101993.416020874,87065.2674893154,39417.7429943218,41485.935571775,1054886.84172868,837282.990404029,217603.85132465,572791.932750735
SUBJ046,left,2.48902098374264,85966.7642710774,32922.2156579621,73710.3134181918,34813.9778014397,89445.3097116837,77163.3449204842,35200.1816465536,37091.9437900312,929713.136502837,746172.937347565,183540.199155272,492164.778834526
SUBJ046,right,2.5551051960168,85762.1140887337,33319.4865035542,72860.0430639107,35188.6104231759,89566.3441098888,76538.0251639384,35571.1926657072,37440.3165853289,929610.667571464,741139.035268047,188471.632303418,501486.575364197
SUBJ048,left,2.34338131487772,110370.079268657,40444.4857817067,92595.206420389,42763.3585107857,114944.272311387,97081.8884704638,43428.0505395966,45746.9232686755,1088820.66207766,849367.195741644,239453.46633602,649434.480312625
SUBJ048,right,2.37418657324722,109339.374529165,39835.3906005664,92710.1940689348,41646.032961936,114161.729847054,97446.1058217998,42693.7837760016,44504.4261373712,1092632.5438163,864749.884293483,227882.659522814,647882.625203049
SUBJ051,left,2.58576167224833,97532.7775534183,38521.6114610856,80546.1300596318,40923.5740815796,102041.497170898,84943.2297272442,41405.1250481606,43807.0876686547,936958.951004338,700775.964353057,236182.98665128,594512.103240423
SUBJ051,right,2.58381484625764,97070.1948790359,38116.1719582147,80884.6567458855,40110.012410835,101448.537541721,85204.4787654629,40799.8495293022,42793.6899819225,937285.157209577,708874.826095214,228410.331114363,587750.170576848
SUBJ053,left,2.49093139243307,109255.097402833,41399.6728587702,94119.733895231,43404.2902668403,113685.014708299,98560.8717619678,44231.8428229865,46236.4602310566,1094255.63458155,856177.120467974,238078.514113578,661234.242641838
SUBJ053,right,2.52004215367595,108803.234282632,41643.074859044,93820.0218580486,43862.8961928607,113624.120260417,98467.9101867129,44400.9673411559,46620.7886749726,1108060.94660214,869918.222834295,238142.723767841,669165.020270913
SUBJ055,left,2.45752194201285,94309.2713956172,36358.7789777243,81152.556322858,38364.701086106,98135.4081946477,84956.8993055674,38836.6203592897,40842.5424676714,991071.939894354,800796.274926704,190275.66496765,564108.502513099
SUBJ055,right,2.42894221731057,90041.0369583982,34898.3231332505,76537.8332852178,36579.7974637549,93802.1756180316,80301.8605163261,37402.8969049733,39084.3712354778,962438.886267536,769801.236090536,192637.650177001,536647.269067342
SUBJ057,left,2.56580564079713,89633.14425333,34083.3475418666,78946.6009801428,35600.0394179736,93227.8377387686,82523.4448131497,36362.1071497715,37878.7990258785,876193.225466453,707953.027247187,168240.198219267,516874.673224161
SUBJ057,right,2.5966311839021,90768.1225043678,34550.8764988207,78421.04719918,36244.4907388955,94626.5590314579,82196.1782409025,36762.1663219636,38455.7805620384,900568.972520429,709999.874195581,190569.098324848,532081.627344549
SUBJ065,left,2.24707801792966,97087.2690952914,37554.9487460362,84602.2243130786,39608.907748508,101866.989732007,89333.268106289,40654.9409053774,42708.8999078492,936158.953419471,755499.350949727,180659.602469744,581177.463441301
SUBJ065,right,2.27291555671276,95924.2984920697,37999.8551329194,85104.9451187837,39893.3536630533,100568.316482327,89636.8124563422,40885.1756791098,42778.6742092437,970355.579186438,808414.688761495,161940.890424942,601376.02542064
SUBJ067,left,2.6002928887368,85472.9621665429,34356.3588308394,72484.0787324266,36330.2686795478,89494.7425813982,76377.9601780789,36786.8100568349,38760.7199055433,817600.515011318,628418.280964201,189182.234047117,498084.370278581
SUBJ067,right,2.55007823406217,85294.9317204709,33637.7478506961,71479.0921035988,35523.7519990286,89258.4949435237,75373.0890575506,36094.2863825349,37980.2905308674,808527.50779217,615213.83149937,193313.6762928,493504.503797142
SUBJ070,left,2.3592054491287,79626.1759291353,33322.0105959827,70487.5546067043,35124.5026174869,83399.8197844935,74217.9096492621,35645.1377742993,37447.6297958034,829818.807615888,689528.672941225,140290.134674663,498797.762697076
SUBJ070,right,2.38602654875637,79409.7459252032,33016.4044392333,69576.0117511089,34759.6277470196,82904.5543513393,73046.4254796623,35230.8832253388,36974.1065331251,841443.701528926,683313.479683932,158130.221844994,496294.934381384
SUBJ071,left,2.51129149687413,91072.2552661784,35552.9798376114,76044.8535463903,37349.5300889219,95506.0939348336,80407.7002139901,38208.5503062674,40005.1005575778,1055812.9883012,830742.071138719,225070.917162478,577926.497212799
SUBJ071,right,2.51422739165721,92525.4304785412,35773.1962719058,77952.501186414,37710.8256904272,97145.8352583676,82482.2063608902,38228.6706352659,40166.3000537873,1070561.1864259,851861.084451472,218700.101974433,587869.351340604
SUBJ073,left,2.62069845950708,115420.504152936,41722.1180526163,97620.7161616399,44282.7041744347,119800.403729112,101952.65003662,44447.9604991457,47008.5466209641,1150275.81488418,875839.381809795,274436.433074385,668588.57130971
SUBJ073,right,2.59348789770488,116888.878790167,41685.9099220504,98590.6983703836,43649.0917493786,121528.738215153,103011.10951528,44256.1853406064,46219.3671679346,1165598.13566746,884898.254059362,280699.881608096,668146.341584998
SUBJ074,left,2.43096314914797,101515.751472516,38984.5991682686,86739.5445444644,40998.5344081959,105878.289671226,91044.48465245,41715.6382726702,43729.5735125975,1022065.64918732,805661.089118275,216404.560069041,616629.14274854
SUBJ074,right,2.40563766411011,101920.053637498,39450.8546843539,88257.6007581584,41409.4758412483,106156.445704138,92391.5793938002,42063.8096292114,44022.4307861058,1034696.22986878,825387.909318493,209308.320550289,626338.858094319
SUBJ075,left,2.50877181289728,99721.7965624614,38299.4202921254,83790.0484499703,40027.2991290812,104342.833711518,88378.4695191629,41202.0583612662,42929.937198222,1070306.14651606,843630.582871319,226675.563644737,607681.028293304
SUBJ075,right,2.50101098050594,99375.8794152977,37867.8626079641,83331.8295493075,39534.2684718161,103827.12304538,87738.2537347985,40704.316464146,42370.722327998,1045907.89038121,814981.034808936,230926.855572277,606461.676020343
SUBJ076,left,2.32149661997732,107915.925750454,41125.4815193209,91398.4096381025,43073.3931051558,112689.793275169,96098.0206746789,44363.9608546132,46311.872440448,1180740.07422815,942225.750859345,238514.3233688,675484.318713658
SUBJ076,right,2.28570195785193,107490.941211736,41540.3531317764,89939.2878248353,43446.227008847,112230.806552578,94704.4313504394,44575.8973179732,46481.7711950439,1168846.45141766,918614.284264634,250232.167153031,677629.151616943
SUBJ079,left,2.50758654783497,98651.7467852782,37980.1609302014,83968.0259365681,39487.0865381274,103373.296085089,88627.6038381215,41024.3194485233,42531.2450564493,1010888.9235754,787259.867217151,223629.056358249,592481.675277536
SUBJ079,right,2.54071419425753,98434.2900099443,36646.5141928573,82826.7408196335,37619.6498951808,103890.858714528,88067.3082887007,39805.2491964037,40778.3848987271,1028850.6060191,795861.441863666,232989.164155432,584492.377216602
SUBJ080,left,2.6647013858321,94581.7301498078,36515.2647315813,78670.8535152043,38822.5324880295,98681.0137383741,82687.1867670336,39086.4193722209,41393.6871286691,906182.748948048,678218.969378587,227963.779569461,543907.232312615
SUBJ080,right,2.66897757644058,92727.1081772404,36035.0768303408,77475.1712185277,37719.7563688758,96807.2037003749,81461.586275961,38501.8606305094,40186.5401690445,901032.127408903,672208.565790753,228823.56161815,541828.753537207
SUBJ081,left,2.48910126920208,84201.7054344122,32443.675846173,70938.9487651584,34235.9371275734,88121.0103817997,74809.6972673976,35126.4020875093,36918.6633689098,770174.660731139,591033.471519879,179141.189211261,471443.332150845
SUBJ081,right,2.48123649694531,84143.3606603375,33076.4320632672,71485.6187478039,34794.7458860331,88213.0155677054,75511.7629763857,35600.5429233996,37318.8567461655,804687.639375168,625479.19607155,179208.443303618,484699.744554375
SUBJ082,left,2.5864724330499,107470.44500552,41429.5217067006,90672.9177455475,43734.8222474392,111778.236726494,94905.2518463786,43835.1397967728,46140.4403375114,1077170.58541477,826406.307995335,250764.277419434,644697.61588298
SUBJ082,right,2.59328700085393,107179.530204165,40755.7889984399,90899.0619828674,42458.5251382561,111694.83824225,95226.9420346695,43159.691102898,44862.4272427142,1056479.56682838,807869.966453921,248609.600374456,646689.676027781
SUBJ083,left,2.57976628833006,103475.235933353,38402.8477735989,88483.7030025298,40081.1425725424,107764.447691222,92672.6694445751,40891.9074471683,42570.2022461118,1015855.93557431,779959.216240841,235896.719333466,593706.476356902
SUBJ083,right,2.58175498868589,104662.221700619,38864.3426154414,89515.1166331341,40829.3194190772,109065.841047974,93832.8960061783,41304.1822615641,43269.1590651999,1056134.24061072,810625.673643794,245508.566966927,612685.411663396
SUBJ086,left,2.53362269458502,89718.760728693,34496.3463095461,77430.9895288638,36364.0636837354,93567.5663861852,81228.6622410751,36801.9457860828,38669.6631602722,840388.726156922,652490.264304189,187898.461852733,514715.739072745
SUBJ086,right,2.54640310455529,89038.8929859683,34895.7175539892,77312.3760645439,36811.9567321054,92888.5039712638,81071.4170448243,37134.6036578244,39050.8428359406,849407.824919513,661536.078219186,187871.746700327,522157.604164666
SUBJ090,left,2.51816914971787,91053.8833161649,36260.9166250294,77625.7127264253,37777.2820380947,94896.8517053858,81442.6569132663,38627.1968308241,40143.5622438894,866860.947447294,668506.008414338,198354.939032956,534074.838168656
SUBJ090,right,2.50733612994672,92469.5411938793,36308.5647907468,77421.7885108416,38197.2931174537,96480.9979286446,81307.4180242697,38627.9795662926,40516.7078929995,887745.073278696,670142.256283523,217602.816995172,541559.932243308
SUBJ091,left,2.38043922908147,92459.5366972314,35582.4608861574,81488.5259773665,37516.0676336536,96257.1616880516,85229.3213806838,38101.2854452653,40034.8921927614,1016494.61634277,848080.085805026,168414.530537747,562298.906948604
SUBJ091,right,2.37730755085665,91638.9851716015,35119.2857821182,80246.9316812053,37017.9653858537,95494.7019751389,84019.3022312492,37553.790483117,39452.4700868526,1018157.03810536,844296.639109652,173860.398995706,560472.365647193
SUBJ092,left,2.51270306878907,95730.0292664155,36913.2676613715,79706.6360406572,38662.5175546518,100005.286726257,83884.7881964328,39584.3329074079,41333.5828006883,921331.564173205,694621.048851597,226710.515321609,574777.026832687
SUBJ092,right,2.48166130255364,94548.7344174472,36301.1502055175,79309.2914387258,38043.4471532544,98942.580182121,83563.7301597841,38752.5328935916,40494.8298413284,925070.343121815,712095.803844645,212974.539277171,573691.37901908
SUBJ093,left,2.48903251431061,113758.80244091,41958.0992483622,98758.933918039,43980.3247284263,117625.176671815,102500.89282204,44299.2822571167,46321.5077371808,1137931.29981753,898948.80283169,238982.496985839,695472.342008992
SUBJ093,right,2.48038426881451,112089.919850957,40814.5656020193,97044.973832874,42340.0420914628,116354.301543696,101099.012182629,43149.555800572,44675.0322900156,1149342.11249226,907617.681820965,241724.430671293,683254.618321613
SUBJ094,left,2.53806085056445,102825.247711091,37802.8872753692,89758.2733264804,39552.98315037,106828.676733306,93631.2422926028,40146.9339314401,41897.0298064408,1011176.36988024,793655.439492325,217520.930387912,586306.635622285
SUBJ094,right,2.51252861350219,105361.196695775,38304.0959785096,91387.0939579395,40235.8191797867,109493.654324458,95358.5331209795,40550.3983463508,42482.1215476278,1019296.96941714,788808.372893013,230488.596524131,597426.673243418
SUBJ095,left,2.38404472444471,89362.5223896133,35739.6863502998,79000.0540251186,37621.0049913839,93748.7959083809,83324.7522786556,38858.7454039971,40740.0640450812,998838.761333085,829318.963580535,169519.797752549,563306.800676135
SUBJ095,right,2.42599298891043,89651.2043785477,36927.1358557838,78162.6638808082,39317.2462374857,94206.7165615304,82774.6183776698,39982.4682518094,42372.5786335112,1011101.92370012,824551.122734495,186550.800965621,588645.99473316
SUBJ096,left,2.69100993269075,98082.8284897773,36560.0705967608,82428.0965677409,38321.736595568,102037.718915562,86341.5525382205,39079.0314335492,40840.6974323564,946149.195854028,706345.862630634,239803.333223394,552214.771167072
SUBJ096,right,2.68495379850085,98233.631687747,37138.5610121844,82530.1784506387,39190.9525841622,102194.551132757,86461.7578187758,39683.1151926417,41735.5067646195,966262.691989537,730137.185741044,236125.506248493,567138.361053191
SUBJ097,left,2.44991034303089,79349.1157614667,31240.0584132236,67371.7249165537,32872.888484999,82671.4699601101,70618.8824399811,33313.7500974585,34946.5801692339,702350.948641753,534055.911052218,168295.037589535,442104.570237609
SUBJ097,right,2.43603271774598,80635.759148514,31933.6659592305,69387.9230848071,33434.3855535827,83965.6101302579,72693.8879252388,34028.2264653677,35528.9460597199,726242.952899006,561839.755278163,164403.197620844,455676.3290368
SUBJ099,left,2.51804235399223,94935.5963238634,36933.3438368437,80187.1661722888,38993.5420252677,99016.0515470427,84194.6008769571,39583.2865924367,41643.4847808607,909682.88254329,701286.998484906,208395.884058384,558452.824251833
SUBJ099,right,2.54732069513007,94961.7294818494,36336.1470462083,79673.480952264,38126.663304276,99185.1419978833,83723.9052955002,38892.293542495,40682.8098005628,914250.445811949,694633.727941391,219616.717870558,554416.811992037
SUBJ100,left,2.51828918112637,92332.0713886715,35012.0466129522,77097.1580709339,37095.1702670485,95849.3412845394,80633.0151035207,37067.0324788874,39150.1561329837,851296.71795029,650267.213723451,201029.504226839,507698.046925002
SUBJ100,right,2.52049167269372,91187.3119043483,33856.0022551608,75876.8086023013,35489.501344935,94645.0038461659,79268.0061697528,35886.0422786288,37519.5413684031,821319.321897849,618467.879839881,202851.442057968,500658.938420843
SUBJ101,left,2.50687051043148,101190.10541445,39291.1103014584,89407.3475510663,41290.9435109288,105579.736009439,93720.9546740894,42151.9050611474,44151.7382706178,1003985.57543425,809292.786955253,194692.788478993,612925.917236282
SUBJ101,right,2.43932673821482,100931.675139148,39465.0752660502,90312.6855824425,41763.3982722617,105359.560179785,94612.8592584135,42186.1477667496,44484.4707729611,1024720.03086341,838873.251327294,185846.779536112,624638.812798119
SUBJ103,left,2.66500963787379,94662.8259151382,35709.846310461,80813.9032875904,37304.082100795,98300.8690847532,84380.9628057047,37772.1100657738,39366.3458561078,900563.921581922,682872.140859341,217691.780722581,542639.892632458
SUBJ103,right,2.65780497175711,94081.202406595,35409.1079038582,80110.7078280595,36995.9850234967,97814.3432002181,83734.1577863106,37409.5813922257,38996.4585118641,911441.337357747,693457.234479913,217984.102877835,544199.553843589
SUBJ104,left,2.47118739792205,88844.808875925,34737.6538605132,76094.1049023682,36320.9616003664,92617.2282719637,79796.3165481779,37134.0367839051,38717.3445237583,956874.472342973,766595.050164383,190279.422178591,539948.904490158
SUBJ104,right,2.38823624521087,88724.2135663219,35191.4642433032,76792.1413528878,37165.8869508229,92478.0269708733,80511.4212754398,37525.6399015283,39500.0626090479,978199.699139455,797198.892084101,181000.807055354,555865.622231258
SUBJ105,left,2.54562113804695,95563.5028555758,38276.1378857189,80691.9739521568,39918.5306052769,99981.7944402569,85059.8078745393,41167.1979161537,42809.5906357117,920443.256689284,708610.974189537,211832.282499747,586408.786052947
SUBJ105,right,2.53867546630848,96986.4491440628,38620.7213204698,80873.3224123546,40445.4741084034,101604.657023083,85399.4926987779,41410.8123380628,43235.5651259964,951061.459694044,728839.568993013,222221.890701031,593394.011588861
SUBJ106,left,2.55479921579627,91947.7824402659,34499.6813566598,76728.0690427994,36406.6764962477,95572.0516612359,80326.4458922765,36808.610682271,38715.605821859,842365.304931889,632289.280587246,210076.024344643,513948.162011462
SUBJ106,right,2.48628671601785,88718.5143556369,33576.1317611999,74871.9737408865,35206.9687269925,92397.5806932002,78488.3233928355,35783.065296908,37413.9022627006,830630.511685835,637417.952206545,193212.55947929,499725.922019566
SUBJ108,left,2.53767798439518,105865.86207292,40022.6090244375,91998.1230471853,41962.8526534036,110095.872392866,96258.7392441181,42896.2289185988,44836.4725475649,1041487.76554838,816436.116531568,225051.649016815,622915.076941453
SUBJ108,right,2.48900692604681,104226.809781708,39802.4915574025,90514.3010711312,41910.8414465237,108599.97283378,94760.4245803177,42486.9058745409,44595.2557636621,1028996.72216089,806768.007084842,222228.715076046,625507.632468455
SUBJ109,left,2.53888616270332,98394.8980434593,37670.2697431854,84292.1076489206,39220.8842358907,102697.587156843,88559.6226046206,40252.629156446,41803.2436491513,972335.901543184,764246.119557812,208089.781985372,587933.946577801
SUBJ109,right,2.56076484842344,98544.1868058959,38785.1146925422,83854.1967522109,40743.1091001885,102760.2110883,88012.4457015088,41405.5110752918,43363.5054829381,1007720.31519267,790316.634870942,217403.680321724,613059.515575267
SUBJ110,left,2.36646709090201,97232.6957226496,35557.6875454842,83718.1552922991,37112.7192970544,101344.637183889,87766.1182823294,38230.3291268042,39785.3608783744,1074309.46006406,879490.944640057,194818.515424,578400.568599051
SUBJ110,right,2.37363678834407,97098.863406556,35738.4843954926,83693.9799050163,37008.3435284948,101233.184182773,87691.0629888277,38242.3417846471,39512.2009176492,1066219.66156858,872056.257775979,194163.403792604,586292.864622801
SUBJ111,left,2.48089354899542,93968.706541558,37779.2598526322,78874.6176840719,40108.8513300862,97966.3530639294,82850.0140460787,40298.627639652,42628.219117106,1081133.5568522,858845.001530068,222288.555322137,630675.508222487
SUBJ111,right,2.48755050479854,93660.113298603,37913.8787263971,78664.6256060006,39488.8446758704,97692.6182072831,82583.7188528263,40391.8994111886,41966.8653606619,1061600.4233417,828023.252191767,233577.171149934,618640.016122534
SUBJ112,left,2.39822154146651,95097.1113381573,36998.3921049616,79361.2826404737,38895.2736510345,99464.7792611749,83669.1949268838,39834.4636449401,41731.345191013,898581.801395459,688902.862216131,209678.939179328,572286.322309248
SUBJ112,right,2.42013775355506,93317.5457774063,36562.8762356532,78107.8965693077,38137.5775868268,97609.1375990356,82395.6734150236,39289.2885646104,40863.9899157839,900123.26484126,693097.547858606,207025.716982654,566682.670340462
SUBJ113,left,2.75983824122132,103244.040437693,39435.5484685556,85795.5369866187,41461.9717605229,107204.830818874,89683.5479865796,41834.1276642601,43860.5509562274,1093289.76618783,829262.0802145,264027.685973333,622050.279511354
SUBJ113,right,2.76125733617273,103709.130313059,38901.9575479972,86474.0436681065,40489.6566285967,107756.277296517,90421.42731323,41229.9168038094,42817.6158844088,1080681.83397036,818666.699695225,262015.134275137,615387.763035065
SUBJ115,left,2.46530873952205,96213.0233377605,37524.1044267166,79100.0676029631,39340.0725505884,100013.262151338,82827.8886701535,39961.1292268127,41777.0973506846,1062908.88336117,824946.308275815,237962.57508536,602104.996948311
SUBJ115,right,2.43072937675741,94592.1720160985,36791.9286030749,78483.4038024747,38334.7122882847,98599.9195321815,82452.8916888054,39219.8537743688,40762.6374595786,1076525.57674282,848422.217302165,228103.359440655,593892.773729782
SUBJ118,left,2.5678849486377,117896.976942775,42567.2756992621,99802.7478540754,44860.0425461157,122324.219611742,104244.971687755,45301.3816111168,47594.1484579704,1198232.65949192,926770.542562373,271462.116929551,683929.760557347
SUBJ118,right,2.55928701506573,120046.295648702,42216.5675785826,101418.858181667,44516.4875646772,124842.747513664,106086.20389288,44949.1434108649,47249.0633969595,1212525.16697119,927100.876203302,285424.290767892,690527.849957733
SUBJ119,left,2.52564120389636,106996.157349582,39226.7559013365,93313.9915746964,41297.9201782042,111292.236820926,97489.6562523037,41840.5951578289,43911.7594346966,1066870.92344743,839346.874178611,227524.049268821,622067.970534446
SUBJ119,right,2.52946217132488,106624.076358396,38985.4327032901,92206.421786433,40828.5297709047,111161.34887484,96565.8824975557,41629.4753194333,43472.572387048,1078155.19064092,845698.880657158,232456.309983766,619041.389655146
SUBJ120,left,2.4356085042219,97322.5276217685,37701.2245679539,84264.0421701551,39792.9185658241,101305.178376641,88153.3574946142,40115.3285257225,42207.0225235927,1082059.20828082,885753.237911,196305.970369819,616447.126011125
SUBJ120,right,2.44633918658155,96974.0127729068,37138.4723949315,83744.5823752923,38806.8385553791,101267.28937329,87816.623285216,39451.8643253214,41120.230485769,1075610.05779876,872450.585007211,203159.472791554,601040.28861211
SUBJ121,left,2.49462796658322,108043.893843452,40853.144720492,93940.4109985226,43030.1559219629,112407.173505904,98192.470074005,43528.2436750935,45705.2548765644,1176817.61313841,952661.028969001,224156.584169409,680634.575840633
SUBJ121,right,2.4968278386281,109012.348115591,40807.4380042091,94862.8775720149,42296.1914670837,113312.260993779,99056.1864138734,43380.024388046,44868.7778509207,1192037.68714616,970003.742797562,222033.944348594,679568.192349944
SUBJ123,left,2.38642194873686,105018.711782587,40748.1738367557,90518.8835583353,42897.3121471504,109423.824360716,94787.4616593141,43417.3462760012,45566.4845863959,1194441.7576903,972602.189400112,221839.568290189,669318.506082603
SUBJ123,right,2.38429577082186,107119.503615242,41196.6067860944,91769.4429389767,43542.3937130685,111390.617029844,95903.9185973895,43750.9703744315,46096.7573014056,1227641.41941724,1005188.48267894,222452.936738299,686925.012610188
SUBJ124,left,2.43113478491393,89660.5413254671,34951.2631344886,76776.2668120499,36636.3142547639,93239.3118644248,80285.7666156418,37127.3554573684,38812.4065776437,824032.304349734,643641.860573357,180390.443776377,513561.942271735
SUBJ124,right,2.41677842643009,90666.1426531775,35505.8052202755,77789.1555654278,37378.2456454379,94371.0168582796,81405.2706150921,37633.8987377018,39506.3391628642,850581.945046473,665932.921503397,184649.023543076,531031.633012453
SUBJ125,left,2.41700819760572,92163.0014990184,34650.4158381665,76991.9379563427,36675.6820597661,96111.549376781,80877.9165028708,37014.6373572691,39039.9035788687,864997.243262799,655613.301228399,209383.942034401,522844.406015615
SUBJ125,right,2.41717777541928,93196.9391505474,34371.5485368184,78538.4310317692,35891.1392439276,97068.5483213708,82326.7120144107,36555.6816329683,38075.2723400776,878755.344989049,671073.995879595,207681.349109454,529790.434393718
SUBJ128,left,2.43234411920279,95462.3168054579,35993.3160776949,81772.5523592929,37877.1639934095,99490.0092572169,85731.582321976,38471.6993418527,40355.5472575674,896974.358386793,696955.652365888,200018.706020905,539833.572506876
SUBJ128,right,2.41046712128667,94498.5050881725,35756.017769144,81631.8773089064,37513.6036640899,98495.9642072968,85472.87956593,38097.063016069,39854.6489110149,924478.100622856,728679.130736244,195798.969886612,542544.624125348
SUBJ129,left,2.67146113574664,86429.1834112504,34264.6994944001,74099.1678576922,35984.6605908678,90386.4882853152,77981.0787172874,36660.2442356268,38380.2053320945,803726.422784554,613129.864534089,190596.558250465,507013.479207206
SUBJ129,right,2.64491259133249,87526.5576376275,34352.5200089875,74874.7943607513,36105.1537254928,91364.8662710066,78665.8411898494,36657.6678762457,38410.301592751,817775.911441624,621808.44707767,195967.464363953,512392.728314907
SUBJ130,left,2.52099824416104,93633.0963349611,36650.1698810322,79975.8349276738,38549.2763673104,97511.9885683676,83843.3926061009,39233.1971445731,41132.3036308513,899656.516530169,693737.997045249,205918.51948492,551741.252484202
SUBJ130,right,2.51394931924171,95011.8644433517,36593.9847256288,80581.389512381,38304.4297162031,98970.4107361044,84563.1067892246,39077.6799791831,40788.1249697574,918531.572689299,701865.451885521,216666.120803778,558144.362795658
SUBJ132,left,2.42142160121856,116467.314308281,44111.512186833,98687.0379521273,47170.7924852363,121416.125434405,103565.713370701,47219.3094006177,50278.589699021,1228832.98277377,965112.535099077,263720.447674693,717978.60216155
SUBJ132,right,2.47767645879883,115968.407674283,42712.9989788768,99024.613447979,45121.0536599975,120403.931575897,103357.477908573,45818.7139504466,48226.7686315673,1194806.86485381,929134.695071886,265672.169781923,704056.561564581
SUBJ133,left,2.37818932692649,108070.530990218,40508.916863499,92721.8327907857,42178.1654891795,112542.288291157,97112.7229189028,43473.2858894751,45142.5345151557,1051622.75674588,838215.520807549,213407.235938331,643426.817415522
SUBJ133,right,2.3292918680963,107258.970061936,40840.8603063009,92802.5016573617,42780.5801758184,112037.486804874,97418.5329886785,43725.059641056,45664.7795105735,1056876.87746584,851490.924881773,205385.952584069,651209.254352562
SUBJ134,left,2.4704861285858,96907.5310461678,36254.6141985635,83371.1252725851,37885.7661893823,101087.373551216,87518.5022669485,39026.1965798721,40657.3485706909,933954.893533983,719462.941861172,214491.951672811,560727.142747595
SUBJ134,right,2.51608708307915,96907.4293919355,36248.5400866443,83473.0574294288,37736.6374299569,101312.245554743,87850.036893444,38906.6056367473,40394.70298006,951313.321057438,736803.015735121,214510.305322316,565694.579048489
SUBJ135,left,2.39016605628991,97047.4115974499,36357.1652631539,81619.6396668551,37681.9805695802,101037.260075773,85550.9026588463,38839.2655244175,40164.0808308438,893344.564877617,682932.31950068,210412.245376938,540106.099358902
SUBJ135,right,2.41056668244326,97226.7619332531,36390.8384290043,81337.633554641,38125.220639314,101294.021753573,85404.9870064787,38800.0852046728,40534.4674149825,924514.09095035,712250.096621331,212263.994329018,549671.40753903
SUBJ136,left,2.57799247630905,80995.2728407384,32558.4326685057,65878.6567203641,34561.4960162258,85374.1443876452,70198.7109778299,35233.9768055258,37237.0401532459,764575.747572714,568987.220563404,195588.527009311,465882.916243955
SUBJ136,right,2.60438822095064,86128.5704414408,34048.3377616734,71180.7621554844,36024.3298010648,90366.0565893596,75492.8925275608,36662.5181831563,38638.5102225478,815366.388492804,613793.361381627,201573.027111177,516046.911290331
SUBJ137,left,2.50737381715667,92302.04995895,35684.5329357181,77959.2218930869,37871.6796451497,96635.0625415105,82128.1227053244,38206.2575195649,40393.4042289964,859286.954128629,657569.021693651,201717.932434979,535777.454704781
SUBJ137,right,2.50155336536746,92575.6036586659,35065.3962189123,78300.6853892238,36544.2810368388,96712.0461157815,82290.6409545161,37507.8618642665,38986.746682193,869362.205834944,671465.390781673,197896.815053271,536325.427944151
SUBJ138,left,2.6760636162832,107039.762849248,39663.8721341043,86478.1980269295,41246.98733809,111342.07261883,90742.734525808,42513.6051274585,44096.7203314442,1058525.87549328,778702.89279353,279822.982699753,631815.916819524
SUBJ138,right,2.65759276447941,109540.626123892,40873.8861153038,88400.0393403682,42536.8190097983,114054.610276508,92878.7084284678,43698.4066126097,45361.3395071042,1124334.56039478,829736.611750559,294597.948644226,664231.371438288
SUBJ139,left,2.43464724191533,91110.3308394673,35635.3876657157,76780.3324738335,37325.688178072,94980.3418933412,80627.9173202566,38180.4982629646,39870.798775321,843938.673608658,647080.568649466,196858.104959192,528064.513430833
SUBJ139,right,2.45721067476361,89472.8647564469,35104.0978380834,75254.3304398972,36525.8025118731,93291.9060762635,79069.6582704911,37577.6087146744,38999.3133884641,837662.144026279,634882.369866387,202779.774159891,526516.647325566
SUBJ140,left,2.47705897319853,105686.421094572,37932.8363497746,90991.843185487,39799.6725213091,110096.970972762,95319.5081948867,40411.6998274351,42278.5359989696,1041919.21786496,809108.412167952,232810.805697004,586928.344074024
SUBJ140,right,2.51208468916238,105838.521701632,38067.215886658,92266.3165344816,39820.4912146212,109866.2973567,96173.3198419337,40386.721989625,42139.9973175882,1037749.34674221,812882.185062069,224867.161680143,598403.051271937
SUBJ141,left,2.38674049943052,117794.227213742,42264.3823281068,104536.717130424,44616.2475087434,122296.424752254,108975.92223392,45019.8337656026,47371.6989462392,1342661.96901486,1124654.76771122,218007.201303635,725114.154980578
SUBJ141,right,2.40702748412484,117082.448253704,42220.9902492454,104093.909226101,44382.6222349408,121679.216545123,108629.849843191,44862.8116788714,47024.4436645668,1348009.38346212,1120136.6774859,227872.705976221,722881.498819977
SUBJ142,left,2.45215703564793,89975.6872118334,35255.3697652569,75648.6524174893,37254.4973451805,93736.6238243076,79404.8021231566,37758.9727602727,39758.1003401962,835061.027878879,643017.988073625,192043.039805254,522087.112936144
SUBJ142,right,2.47846663954103,91212.522626105,35908.8834942846,76720.9217138221,37819.0042175725,95200.4802900031,80626.8543815278,38336.4557841282,40246.5765074161,857514.719909846,660131.013515855,197383.70639399,534138.07220464
SUBJ143,left,2.57501013512783,106715.600525594,40389.4333570144,89422.8331190256,42258.455869626,111015.897970846,93673.3871354278,43036.8095637096,44905.8320763212,1031651.07459903,786176.160520784,245474.91407825,625350.69914878
SUBJ143,right,2.54749084090712,106831.600469931,40655.8777585889,89267.1004790372,42749.3464655092,111229.819445574,93509.7197538272,43246.8460281182,45340.3147350385,1054083.48244553,806930.292366765,247153.190078762,636665.496238243
SUBJ144,left,2.45803342399692,100961.823375874,36854.9650647859,85418.1881616912,38984.6557746911,105088.904882687,89444.723686367,39372.4787485498,41502.169458455,970576.603792052,751360.867899683,219215.735892369,571326.124955388
SUBJ144,right,2.49496867729557,99284.4026859911,37038.2482191015,84286.7569350804,38751.7726942365,103450.885621078,88271.8821929941,39277.5651847532,40991.0896598882,993152.06225259,774231.092715694,218920.969536896,579804.295356862
SUBJ146,left,2.4626631647114,96798.1753815339,37338.4404499075,85907.0313557146,39014.5011092592,100722.708122471,89867.2819785952,39833.2336173519,41509.2942767037,1028595.99813124,846440.384445171,182155.613686072,585234.227201579
SUBJ146,right,2.4983228177638,98735.9866591659,37705.8192583379,87400.0171887576,39297.639281859,103124.453385268,91643.1819124269,40118.4089035829,41710.228927104,1059500.37765059,866153.06592087,193347.311729723,597207.684532267
SUBJ147,left,2.53417318977439,88755.4839220996,34089.3951362134,75857.6072310989,36048.7758769356,92447.8802593693,79507.0208218086,36386.9085381312,38346.2892788534,900070.505469451,710542.843012207,189527.662457244,510358.091327288
SUBJ147,right,2.51603129963235,89546.9519882441,34225.8464725192,76471.6241072081,35671.9912742725,93342.9976721476,80135.011729487,36402.0305776837,37848.175379437,900072.88056286,705594.92708563,194477.953477231,514536.68111211
SUBJ148,left,2.37403212471523,92273.0157666928,33747.1560867263,80944.280326837,35472.532430806,96127.8139503398,84687.6402174385,35936.9580063534,37662.334350433,853831.238083791,675571.056194966,178260.181888825,496627.665841638
SUBJ148,right,2.38156351307999,92125.0331031368,33877.5008730519,81072.0326913185,35458.2256045546,96012.8907909407,84831.5963367628,36008.4108117151,37589.1355432178,867742.501323024,694682.747873792,173059.753449232,507777.21017958
SUBJ152,left,2.44847985312937,97634.0729393265,36946.1675516375,86247.5229087891,38826.2477023675,101183.432175496,89781.9610863039,39152.1955706544,41032.2757213844,907070.608122982,727849.697298841,179220.910824141,549863.303178918
SUBJ152,right,2.4744592312164,98365.5766647543,37491.0820910751,87286.8764106901,39629.9216304356,102089.281394496,90910.884819053,39580.756137146,41719.5956765065,933565.117540762,745810.086195759,187755.031345004,567704.180776554
SUBJ153,left,2.27342557334342,88892.217041419,33589.4637549971,78404.0747185847,35467.4336395398,92722.3145849947,82177.2096067065,35837.7005159815,37715.6704005242,835364.074252627,670312.281596213,165051.792656414,497211.701201255
SUBJ153,right,2.28993222072504,90226.0655824008,34105.868006254,79806.172778981,35647.635124021,93916.5744344266,83448.677949057,36233.8391843027,37775.6063020697,856311.78216741,694108.571431513,162203.210735896,513448.513219492
SUBJ154,left,2.6658950954967,90719.8536514369,35660.7127893548,75899.5286741936,37714.7985282295,94394.3530412462,79570.4263654754,38026.2095385965,40080.2952774712,860937.289128011,650064.63958692,210872.649541091,528235.740876329
SUBJ154,right,2.68631040566852,90567.0213608739,35270.2456193191,75604.1072124662,36806.6932168422,94433.8618912915,79433.3731866994,37590.5206891881,39126.9682867112,849301.796590966,637431.004204468,211870.792386497,525909.890783173
SUBJ155,left,2.53860584508158,94639.7315016266,37492.522413341,81692.4356256622,39242.1885731051,99176.9323804885,86200.4119616003,40316.7067047778,42066.3728645419,930661.371119698,719696.524508877,210964.84661082,578302.475105852
SUBJ155,right,2.51334004254942,95689.0746255707,37576.8280039195,81401.9675639138,39251.3691118984,100082.532063962,85758.0147414653,40309.6102655532,41984.1513735321,949895.615475256,730046.315262557,219849.300212699,581284.172465857
SUBJ157,left,2.43854084840559,91036.0051400423,34229.8824219976,78190.8135078241,36228.3536696853,94568.7902090219,81695.164619772,36309.471621843,38307.9428695306,818365.190806728,638059.407672672,180305.783134056,501711.241909919
SUBJ157,right,2.43153080545569,91022.8363913943,34159.1357152867,77309.5780755375,35540.7228109138,94454.7724001378,80655.7240667227,36157.6390542801,37539.2261499072,828576.846593155,639786.213951084,188790.632642071,507600.607234919
SUBJ161,left,2.4134133756828,100913.45048742,39228.7153615112,85243.273852718,41036.3835955787,104906.655307169,89248.9088470737,41812.9794977986,43620.6477318661,961114.31615166,742636.199419963,218478.116731698,598911.503500626
SUBJ161,right,2.39761459123614,102009.450683967,38664.5439075897,85622.8623006244,39964.395331427,106196.617282519,89766.9146238509,41240.8132925722,42540.6647164094,949279.613715997,722584.393995292,226695.219720705,591596.470253836
SUBJ162,left,2.4791412593314,109373.72226294,39766.5716465915,92153.9534514642,41614.1468613365,114256.534657681,96929.0840798576,42835.1124976239,44682.6877123689,1206614.65938429,951497.079901239,255117.579483052,663645.04474432
SUBJ162,right,2.48425906495855,109782.112920898,40172.2601974817,92726.2536314125,41953.0842206423,114605.588056399,97501.972257827,43148.8222997938,44929.6463229544,1214380.48405539,955381.636165707,258998.847889687,674919.43878886
SUBJ163,left,2.63094221256756,99300.0178284677,39776.936338906,84354.9038067235,42171.5816455374,103681.448725471,88682.249886969,42440.8669960646,44835.512302696,1127603.37514926,892493.69541701,235109.679732254,657516.126589545
SUBJ163,right,2.66074462798277,98843.0121487691,39389.7411901703,83989.1185136063,41182.8527100994,103184.383158059,88187.748118146,41976.9890976192,43770.1006175483,1120522.12229275,887689.687890367,232832.434402384,657811.396901678
SUBJ164,left,2.45966817430445,94128.370678069,36085.0995855111,79959.4586850961,38043.245971111,98164.195965781,83886.6168228223,38529.0975519612,40487.2439375612,1019610.67507807,806536.407818193,213074.267259876,569242.070162975
SUBJ164,right,2.43294673709769,93680.6702827887,35507.4879429864,80724.7782392306,37246.8050674079,97557.0760503271,84474.5881906907,37848.3168720443,39587.6339964658,1015875.75648261,825770.608238469,190105.148244142,565728.655460125
SUBJ166,left,2.47919782355312,96839.3477469596,36897.6104675072,82076.9783384779,38740.7815537339,100730.550381546,85903.0539498542,39508.6581502146,41351.8292364413,935294.187814296,730421.271402936,204872.91641136,562399.883368569
SUBJ166,right,2.45510905727815,96474.7424244023,36851.7780950195,81888.6006015364,38904.3157180295,100510.593296826,85851.190243126,39331.7556089488,41384.2932319588,922602.761522792,720547.969891008,202054.791631784,564680.879942558
SUBJ167,left,2.39313211899669,105226.0334484,38682.6495373651,90666.0993482753,40500.6030271426,109787.778121637,95258.6026208903,41686.9271987564,43504.8806885339,1166458.51819714,965625.624501581,200832.893695555,656219.6964205
SUBJ167,right,2.42661023775211,106108.111848171,38927.2224963839,90009.2469551905,40860.801571137,110969.911292797,94705.4841806742,41802.5411259475,43736.1202007006,1214636.62734837,989567.975035601,225068.652312773,664666.277787911
SUBJ168,left,2.35752408015596,106964.448732898,38385.0859231674,94118.3509175205,40444.157502256,110576.436422643,97715.1173084939,40699.4339275593,42758.5055066478,1135974.61019533,931801.148259403,204173.461935928,619802.441241238
SUBJ168,right,2.39436356843062,106364.738673969,37891.8098198248,92180.7174270751,39467.8493478616,110133.900237959,95903.494609183,40101.059810089,41677.0993381259,1142004.15165259,926994.187283403,215009.964369183,606196.479192049
SUBJ170,left,2.51306327985044,93844.005480647,36257.5991545141,80220.4910145174,38361.3536847036,97820.3812721453,84131.3221730001,38703.2385331898,40806.9930633793,901813.219370412,701232.611587165,200580.607783247,543204.233146303
SUBJ170,right,2.50537471225592,93691.8230346339,35710.5405245666,79994.9328835483,37517.9124281045,97891.9189340953,83933.5907048799,38167.4503818802,39974.8222854181,892248.323719022,687941.356380129,204306.967338893,533266.742787269
SUBJ171,left,2.50054689786079,103585.028451944,39485.1273695894,86948.8562817047,41320.5013451608,107481.144800605,90837.9527656672,42054.9896603505,43890.3636359219,1020395.72571737,788214.915092027,232180.810625342,595351.018796077
SUBJ171,right,2.47120125752494,103054.179204704,38037.6841925757,86346.4916127891,39750.8505923801,107089.472578185,90279.5077038047,40485.9646141404,42199.1310139448,999316.683781734,763895.300833837,235421.382947897,573801.960172696
SUBJ174,left,2.45509892082089,96578.4474666103,38257.1644151813,82011.0930870608,40232.5589231903,100962.061292384,86319.5086211317,40947.664500538,42923.059008547,971741.718714165,757984.136527389,213757.582186776,594051.88912995
SUBJ174,right,2.4349397405562,95584.0670161891,37886.102386914,81281.5755584691,39694.1026580008,100004.834309961,85578.890410404,40521.4867648185,42329.4870359054,980105.100783417,771511.403433998,208593.697349419,598295.425539096
SUBJ175,left,2.42719554228302,93863.8307130345,36047.5606377717,82584.5289808556,38280.5400468835,98019.1187980176,86627.6073338153,38671.8275721327,40904.8069812445,1028428.68759939,839304.570549844,189124.11704955,573486.668953583
SUBJ175,right,2.45357444433875,93937.1904930637,35829.0052885119,80424.1454755606,37524.3377797089,97897.4213043773,84325.1645112448,38346.0776176777,40041.4101088747,1012072.32827472,807608.232883927,204464.095390793,568669.948503994
SUBJ176,left,2.46671270933223,113328.072607255,42285.3849909067,98779.4126790175,44465.074844569,117632.422194864,103061.768002312,44928.1748329431,47107.8646866054,1325694.83871074,1096956.23350902,228738.605201726,723033.66225104
SUBJ176,right,2.45756099700642,112815.137265846,41740.4751010118,99449.183452634,43821.0075587668,117600.329315414,103955.853088608,44283.0359296092,46363.5683873642,1296208.12032781,1081743.23222774,214464.888100072,712085.654429585
SUBJ182,left,2.56585353564123,98388.2920797139,36620.2652836184,82676.9077694857,38532.8841709733,102247.173513093,86451.4954061695,38976.9959011502,40889.614788505,1088724.15656417,866817.554650392,221906.60191378,574427.628162429
SUBJ182,right,2.56758793833359,100957.618984281,37579.1483750628,85028.8181657737,39668.2211886921,104792.784635245,88740.5702398402,39730.8846054088,41819.9574190381,1098570.25160704,876913.609068836,221656.642538202,600895.985501799
SUBJ183,left,2.45451995323074,98521.5583294719,38215.3020970758,86840.2240188904,40498.7409774452,102720.393377304,90935.529490729,40739.4117888606,43022.85066923,958861.695319808,767398.543132619,191463.152187189,583017.273256612
SUBJ183,right,2.4630658538147,95686.5812658009,37093.9078026487,84072.7221593493,38882.5660011647,99983.7021917787,88238.7195869681,39554.3898631805,41343.0480616965,920431.506260807,733883.986565128,186547.519695679,565566.803512436
SUBJ187,left,2.49682047686914,100699.932393713,37544.4963471994,86209.8824610413,39743.0011877979,104249.290209238,89750.3280085033,39739.0450505502,41937.5498911487,975767.388490624,758987.079805553,216780.308685071,581794.585546255
SUBJ187,right,2.47291495150565,101379.384333847,37040.4555323895,86416.7104589242,38811.0861441393,105428.633633524,90369.6446711124,39327.4700823031,41098.1006940529,984756.07392515,767577.633174575,217178.440750575,579303.54149363
SUBJ188,left,2.56131500580234,98668.9320089073,37736.3536416457,84274.0383919119,40162.2832659098,102778.167238555,88360.4234402749,40546.844441024,42972.7740652881,947204.275046836,732720.518031279,214483.757015557,589364.419287286
SUBJ188,right,2.53221315858876,98585.1209982585,36789.167199788,84107.6490443908,38652.8960391325,103114.034913725,88585.0413969802,39513.3551337643,41377.0839731088,949012.814839564,728215.000153112,220797.814686452,578145.326438939
SUBJ189,left,2.43847628806401,92755.7146069035,34733.0059173828,79541.1254528089,36452.3984879666,96710.0205547141,83403.1037732013,37178.7436122798,38898.1361828635,868819.186143385,670315.646645558,198503.539497827,524957.454582458
SUBJ189,right,2.44709979651276,92365.2798635162,34973.9848383175,79734.7670944784,36756.2514999454,96396.6425369942,83674.217628175,37337.5093062921,39119.77596792,885279.975881113,692810.733647747,192469.242233366,530091.693308655
SUBJ191,left,2.49012349918929,111260.185937667,40564.8252929144,94417.6386761067,42409.8777912613,115284.314559368,98375.1591866793,43162.1293386813,45007.1818370282,1084091.39059518,843351.745803095,240739.644792084,638469.502488
SUBJ191,right,2.48343509424655,111040.82027811,40441.3818177739,94738.4387262151,42233.6581136485,115168.529265127,98838.0085329664,42897.3905220194,44689.6668178941,1097030.0039603,862130.603248465,234899.400711837,645297.974828503
SUBJ192,left,2.40904932021946,108602.029132674,39620.4916450879,92508.6375753437,41545.8136786054,112878.556394276,96746.4395653789,42417.5309240182,44342.8529575357,1081155.96844067,844194.694797811,236961.273642859,621182.21388273
SUBJ192,right,2.4297300018244,109769.627110969,39371.5490519986,93390.2695881715,41090.9876750284,114112.685921557,97668.2688912036,42154.0600995122,43873.498722542,1058922.59590987,820193.121043104,238729.474866765,622788.906012154
SUBJ194,left,2.44771479284224,83825.568774107,33067.1089679057,71649.7617824692,34829.4320104771,87367.3953478378,75091.7295291294,35091.3221098359,36853.6451524073,876221.56994779,698827.93258092,177393.63736687,486324.218412609
SUBJ194,right,2.41340034820404,85101.7231477077,33111.0851371673,73233.2445408452,34820.2549089173,88532.1092526104,76607.4854519793,35080.8961844654,36790.0659562154,845716.031928955,678551.546341616,167164.485587339,484707.604110018
SUBJ197,left,2.56123164692664,88776.3272313594,34354.3752125052,73835.9340005425,36142.9305522994,92494.754700943,77480.247720031,36552.1154715224,38340.6708113167,820022.266815878,613655.121278979,206367.145536899,492339.144232474
SUBJ197,right,2.55559759128675,88174.2650766955,34123.155413048,73845.3030097124,35802.3282399253,91831.0654361227,77435.1821891154,36220.5126395361,37899.6854664134,814915.362000469,614504.542803333,200410.819197136,496193.271504042
SUBJ198,left,2.33031962103621,92005.8045699932,36498.2391986905,79367.7475141621,38356.6242365689,95960.2054592302,83229.5547026104,39152.1568296945,41010.5418675729,879430.368556372,698779.280436363,180651.08812001,542206.087204836
SUBJ198,right,2.43384546024976,96629.6367664314,38409.6799290654,83449.8297065552,38985.3127990488,100701.57534029,87427.2999801544,40934.2019143001,41509.8347842834,912734.344828059,714734.38107269,197999.96375537,561414.084850637
SUBJ200,left,2.51476840471517,110265.682464877,41123.4522927168,93010.2954557573,43154.885371711,115001.700332291,97682.5887096938,44309.2747027072,46340.7077817015,1233510.2513963,981809.150908817,251701.10048748,679771.943257869
SUBJ200,right,2.51837565501723,107172.036077335,39878.4959156397,91970.7127115214,41805.9489229667,111789.102933277,96622.3417828867,42944.3926819591,44871.8456892861,1172887.15901347,945169.063497905,227718.095515563,659125.70951154
SUBJ201,left,2.40173994414054,99522.35785893,39012.8578003,85326.4832952476,40479.716268549,103512.87480374,89247.7435907588,41436.7527127147,42903.6111809637,1090032.85829686,887856.133448472,202176.724848392,627581.743464444
SUBJ201,right,2.42211124581672,99811.5540336669,38865.1733170646,85151.7833379802,40390.9343451143,103741.879281239,89011.6403627632,41254.7110059013,42780.4720339511,1088560.52282802,874882.126167661,213678.396660355,625915.189574798
SUBJ202,left,2.68792680951478,92997.7773699105,36486.7668653912,77208.9316667628,38733.8147978707,97102.7621042267,81305.4381217549,39194.0524159008,41441.1003483803,1028009.76127775,803774.575224635,224235.186053115,581762.601187367
SUBJ202,right,2.64973992983275,93483.7444926953,36797.106410564,77882.9397592454,38945.8608058782,97790.5726120194,82126.0360275323,39400.2609182173,41549.0153135315,1039598.54062666,813598.176797003,226000.36382966,594992.033646938
SUBJ203,left,2.50664438639287,99010.3100815534,37477.4678052283,81001.0286163512,39353.7214718551,103064.173709727,85030.4214145085,40231.1202992542,42107.373965881,953654.369488524,714345.911757523,239308.457731001,567195.537454106
SUBJ203,right,2.5228024797027,99122.2841368189,37414.2944816171,81215.2098116446,38873.6461261802,103121.335738071,85144.0903741535,40063.9752783697,41523.3269229328,948351.775421718,708707.202667976,239644.572753742,569284.819894137
SUBJ205,left,2.43171500678233,114607.160693494,43672.2760348218,96420.3489633735,45636.3934455547,119384.852654602,101151.185353915,46775.975223814,48740.0926345469,1284330.66817887,1017388.44853312,266942.219645751,728263.472919664
SUBJ205,right,2.49443630087801,115140.476437887,43810.9043144731,96438.0044531323,45050.4489030869,120346.999651124,101428.859503106,46880.4078008467,48119.9523894605,1278435.04929298,1017686.94840605,260748.100886927,713484.112989076
SUBJ206,left,2.32931750041662,91623.3991964145,35003.9568166697,79462.5811120958,36603.789865135,95642.2437497974,83455.7160702876,37678.7919199183,39278.6249683837,959208.272980321,780084.959969901,179123.31301042,539183.706645023
SUBJ206,right,2.36111336120124,91591.6860677401,34749.1186676789,79818.4005082621,36338.4297577258,95870.8591561104,83993.2355592817,37367.3872555786,38956.6983456256,946205.369248779,762454.939564146,183750.429684633,533973.839630314
SUBJ208,left,2.550303063739,89747.4502594753,37097.6640431866,76177.8368898972,38760.0301231203,93680.9964044048,80092.5962708213,39697.7192564398,41360.0853363735,1004535.23053064,794862.882442298,209672.348088341,564590.499280958
SUBJ208,right,2.57945215297356,88724.3399511891,36236.6562961806,75086.7536326208,37784.3513180157,92582.5448019205,78859.5069696444,38701.1715372778,40248.866559113,989340.430546805,780612.443126538,208727.987420267,549414.068776097
SUBJ209,left,2.48158246816879,98389.3309552637,38939.813042604,82277.2790186224,41214.3103393678,102799.098688253,86721.2262678948,41993.6334992545,44268.1307960182,956715.073979907,738694.758370781,218020.315609126,587405.798510778
SUBJ209,right,2.3794118461919,96347.4523708727,37734.9988547718,83591.9866080095,39355.9906147673,101130.518417622,88273.3210692495,40655.7936862731,42276.7854462686,926842.04667972,731303.386128938,195538.660550782,569382.62146029
SUBJ211,left,2.36038904916269,87373.8653142132,36131.7932750693,75559.8210210991,38149.0920049673,91818.0412176006,79997.0693605303,39126.9752870766,41144.2740169745,921896.857039264,743959.563990359,177937.293048905,550400.712646683
SUBJ211,right,2.38933099890618,86798.41706976,35672.9479633605,74785.4865703893,37658.5890163887,91216.5075129869,79171.7393999336,38505.420958481,40491.0620115092,895505.660632888,714819.949327582,180685.711305306,539816.238467318
SUBJ212,left,2.35771127661892,107853.861600515,40746.004700934,92144.9572494264,43161.4190725431,112211.318360224,96453.5685745771,43465.440836482,45880.8552080911,1068730.86620118,847766.529146672,220964.337054513,628324.694460875
SUBJ212,right,2.35996297730495,109510.692574714,40875.288678991,91791.114913774,42935.8666601228,113996.891957813,96231.098208974,43467.6792080951,45528.2571892269,1098667.06259152,851835.463237275,246831.599354244,638076.054860331
SUBJ213,left,2.5872293389646,98374.2093549787,36281.1580483138,83655.6656279963,38102.0075871541,102285.029349549,87445.3034871964,38536.9549721526,40357.804510993,926724.329001215,698876.395420011,227847.933581204,547919.225388119
SUBJ213,right,2.55542290188114,99894.9564794602,36843.4844952262,85192.5621587062,38727.688827655,103419.470093535,88632.4668446953,39119.7664472318,41003.9707796606,975700.063401614,751042.647305614,224657.416095999,567856.63136139
SUBJ214,left,2.33531317311854,98205.3802398162,37284.2276962367,88382.0537363784,38860.4120870424,101879.28853496,91996.2932673823,39489.3349951517,41065.5193859574,1031889.80063719,864395.240987578,167494.559649613,576447.616851088
SUBJ214,right,2.27161280145584,94327.2920198723,36868.8925148567,85662.3153945135,38190.9685768315,98260.5404046874,89535.5699991132,39096.0634401071,40418.1395020818,986044.190577042,842222.374367077,143821.816209965,569136.42516123
SUBJ215,left,2.33653674145112,97899.6159672832,35012.8467836674,82892.514927314,36634.5076564208,101494.919620312,86400.4537374325,37383.2389383658,39004.8998111192,960673.677927102,760010.986141891,200662.691785212,520816.515269734
SUBJ215,right,2.35138445825727,97817.7293672539,35309.7581808142,83124.3722118543,36852.8291432068,101508.573411278,86789.8860312548,37525.1419121462,39068.2128745389,992740.446231929,798148.264434068,194592.181797862,527595.963056321
SUBJ216,left,2.66444411520282,95637.7479652237,36974.2321605447,80538.0293172895,38825.1904125235,99687.7875169645,84520.4422626706,39303.2066842895,41154.1649362683,910826.670869763,685584.081359568,225242.589510195,562611.815980511
SUBJ216,right,2.63368612386734,95805.1152800438,36462.597568912,80847.5833920108,37952.3452652991,99857.1623901826,84832.3097007847,38688.0196450325,40177.7673414195,923523.047246599,695539.766703229,227983.28054337,554745.140217677
SUBJ217,left,2.46127044424201,86315.7138922303,33166.7333574433,73409.2092112547,35041.6768793979,89741.4362638093,76828.5327571095,35232.4941599722,37107.4376819268,793932.825530905,611437.340447027,182495.485083878,479604.730768512
SUBJ217,right,2.49780506174223,85755.3192476653,32400.725672615,72643.3752616885,33807.9628950482,89472.0044469845,76230.6390505229,34427.0147463517,35834.2519687849,802573.795807397,612104.171560189,190469.624247208,477429.956344416
SUBJ218,left,2.41072324115189,82754.8013234189,32202.3395866084,70238.6494101214,33494.4258653171,86582.6478502028,74021.7176433398,34668.1077754383,35960.1940541471,817160.26593287,642063.754605009,175096.511327861,478941.241472885
SUBJ218,right,2.39683836079276,81410.8411447883,32306.9461535566,69407.6769990762,33936.7475473279,85207.7377618868,73175.3876381766,34608.7960317455,36238.5974255168,806906.099657423,638783.101668521,168122.997988902,483631.820491201
SUBJ219,left,2.38180588237029,107752.397018403,39742.4636002524,91396.2935183441,41719.6396286386,111829.851556143,95447.2278629688,42393.3647264918,44370.540754878,1183359.72086386,959103.245118875,224256.475744987,664001.266253134
SUBJ219,right,2.42723152875341,106637.264045775,39298.6942969008,90343.0813575043,40731.6117380987,110961.34856739,94465.938989463,41910.872939293,43343.7903804908,1185376.3285689,953778.125184841,231598.203384055,653266.035048915
SUBJ220,left,2.4144872075188,97187.1623562578,38292.9570459419,85001.5237058331,40119.9786149414,101137.494334626,88971.4278702273,40687.6475601297,42514.6691291292,1047041.65781096,848062.053871825,198979.603939138,602271.487498081
SUBJ220,right,2.44087788487985,95583.4935925249,37612.9991737823,83636.4737938176,38985.4806718053,99514.798084061,87493.8770365245,40002.8953592326,41375.3768572556,1028608.66558773,839055.020512303,189553.645075428,587439.163410826
SUBJ222,left,2.60155626894298,91444.8148237428,35812.8114985015,77052.484245485,38130.3272488465,94955.4631674588,80519.0467040563,37896.086515978,40213.602266323,1018473.29368823,798775.249701314,219698.043986917,565672.629703508
SUBJ222,right,2.64300608183436,90682.1043499543,35693.8827900107,76656.8302028066,37410.5480329582,94259.6968005787,80157.4904757839,37687.7299884486,39404.3952313961,994917.760834673,777891.91089302,217025.849941653,559509.34269657
SUBJ223,left,2.4853273451747,105081.275326607,41325.5034505438,87927.6211402265,43496.6789051837,109641.929609324,92396.1655661504,44081.4744242078,46252.6498788478,1042715.33853412,801834.087870191,240881.25066393,635228.456655373
SUBJ223,right,2.49077435333441,104276.701451972,40860.7876092352,87273.769741416,42905.4492644105,109056.921621169,91877.4785855467,43521.8069167519,45566.4685719273,1043667.29116153,803767.503459279,239899.787702249,643282.996007359
SUBJ225,left,2.56314260757507,98042.0259480269,38648.4261612193,83326.3235813608,40580.9830603372,102272.010701693,87490.524707332,41302.4792502392,43235.0361493571,943726.26385955,724448.975675893,219277.288183657,586350.924373345
SUBJ225,right,2.56514384865126,99741.5795631899,38566.0242101511,84493.2840697928,40443.4788907402,104016.104871325,88751.2953922467,41031.0532088698,42908.507889459,953366.976943908,733716.315899103,219650.661044805,594333.172897519
SUBJ227,left,2.53210218158648,88618.985909279,35013.9214603284,72660.4259492371,36337.4525599738,92433.5826334019,76479.9118116598,37495.3114915093,38818.8425911547,912937.823176674,707157.090605268,205780.732571406,538490.572416844
SUBJ227,right,2.46350099592526,87726.8725252841,34552.0202413373,73976.7854754093,36060.5846181966,91475.7425779028,77686.9771111515,36940.1450530635,38448.7094299229,893582.164809173,705893.396757956,187688.768051217,538518.23044056
SUBJ228,left,2.5558005421233,96216.9275755851,36159.3083835201,80279.7849347489,38167.535007585,100211.881138894,84228.9413588561,38911.7451612513,40919.9717853162,910987.463833881,682112.566640379,228874.897193502,541229.680283221
SUBJ228,right,2.57318397640545,96141.6641147321,36509.1876922952,80637.2141167136,38469.5758794635,100328.060093601,84745.710659924,39105.7509452483,41066.1391324165,931300.246146328,705108.194480388,226192.05166594,548168.10085141
SUBJ229,left,2.70894214211349,87298.9707164944,34772.8705905309,73179.9100539198,36674.0914921047,90990.5930944411,76881.6637096381,37027.8485460563,38929.0694476301,838683.842780182,631652.390189303,207031.45259088,512033.991748843
SUBJ229,right,2.69445094704893,87734.865528103,34343.0059969343,73115.4120030912,35768.3496465858,91540.4866631835,76814.334824259,36601.0688573862,38026.4125070377,835998.35062357,623057.618639592,212940.731983978,506737.12812643
SUBJ231,left,2.49716187687504,104831.599859762,40674.7008240298,89438.0990453243,42729.4264091614,109295.634175908,93820.9725505439,43417.3067790184,45472.03236415,1145250.71964375,915841.998833531,229408.720810221,657320.910958785
SUBJ231,right,2.47961486019862,102174.666257199,39902.3273063877,88041.751497709,41582.8730980777,106814.967512274,92492.0190321368,42542.9769858929,44223.5227775829,1091310.39535264,878024.167878385,213286.227474257,641811.694614884
