SubjectID,Hemisphere,AvgCortThickness,PialArea,SmoothPialArea,WhiteArea,ConvexHullArea,PialFullArea,WhiteFullArea,SmoothPialFullArea,ConvexHullFullArea,PialFullVol,WhiteFullVol,GreymatterVol,SmoothPialFullVol
SUBJ002,left,2.33776576884759,104854.920050303,39616.3742868036,89199.2986082983,39937.0696864508,109571.088867733,93741.5112144247,42157.3215775548,42478.0169772019,1100824.25121451,884299.058745998,216525.192468507,615839.034414615
SUBJ002,right,2.3292636061657,106313.788621833,40430.4774256205,90230.1607116305,40701.9291970006,110857.951095297,94536.0058128,42863.6708888646,43135.1226602447,1127272.85095749,909440.010990242,217832.839967248,630522.884912537
SUBJ003,left,2.39771979369962,109094.219380685,42413.0674521836,94159.7962267554,43661.1125466637,113568.230708668,98562.2013297742,45308.02520598,46556.0703004601,1087966.29584613,857476.393462103,230489.90238403,660858.506067287
SUBJ003,right,2.43287984369796,109396.242066627,42378.5815802064,94314.2145634508,43337.5541153807,114023.743142605,98868.8182539375,45146.3284911361,46105.3010263104,1098594.96158941,863917.912316931,234677.049272481,671981.597099469
SUBJ005,left,2.48489129179924,97952.6630675822,38951.0893106436,83835.8990071021,40167.5576303579,101898.018757363,87713.5118276914,41492.5091386641,42708.9774583783,945940.63432672,730239.176527145,215701.457799575,562677.639361973
SUBJ005,right,2.47497131666196,96979.3663095801,38590.1855981019,83328.1811427908,40223.9915686821,100736.742567335,87091.8724444055,41011.7587246414,42645.5646952216,931731.553430761,723664.838454679,208066.714976082,566312.010663443
SUBJ006,left,2.41769510227877,87214.6327233789,35946.4239667534,74571.1267951038,36751.0264111332,91106.5351775496,78388.5224328576,38564.6445436249,39369.2469880047,969597.833870128,790963.262269822,178634.571600306,562588.671973041
SUBJ006,right,2.4272593789402,88849.3435177124,36102.9008193948,75311.1725788571,36878.7972627474,92764.0336065019,79160.1850658842,38635.7621677094,39411.6586110621,974303.636989681,781963.434584532,192340.202405149,564832.651409268
SUBJ007,left,2.51634582445783,99857.8500875586,39297.1868017564,84669.5243397766,40834.0859212208,103698.048554397,88528.5242660976,41796.5918754774,43333.4909949417,982602.337349805,765013.527185883,217588.810163922,584903.549583007
SUBJ007,right,2.53916871539203,100535.034327021,39275.5169950072,86296.3813167424,39897.6147544189,104342.930551172,89959.9580969859,41587.9140093221,42210.0117687337,972927.796655153,755828.513197666,217099.283457487,590026.163182371
SUBJ010,left,2.59995512256829,97348.724324857,37503.1022826758,80522.9412732621,38938.6131461935,101267.295858333,84409.4620609917,39967.317150396,41402.8280139138,921783.686821392,692722.720483752,229060.96633764,550824.539363489
SUBJ010,right,2.65499143120973,97079.2533375317,36934.239335095,80778.3329289741,37889.5025008266,100973.039711337,84642.9813490373,39337.4621512298,40292.7253169615,924287.292241754,697601.677698382,226685.614543372,552041.005909774
SUBJ011,left,2.30112848808037,96361.3374490462,36711.0162206104,82204.656613701,37943.9779466582,100102.134566329,85883.2835812243,39150.8317518264,40383.7934778742,990388.60193303,798246.561292608,192142.040640422,552280.590949469
SUBJ011,right,2.28746418037897,95845.1527192207,36542.4288868113,81621.3116300395,37448.2805630265,99513.6466934025,85281.4910934161,38952.648697865,39858.5003740802,974801.007908859,785227.842856182,189573.165052677,547708.42361671
SUBJ014,left,2.35465943437163,103729.182118879,40863.6733562251,87894.9809662705,41701.8709641121,107639.34075018,91772.5268617922,43407.8452770297,44246.0428849167,1117770.72230327,892698.950473446,225071.771829823,650437.98117123
SUBJ014,right,2.35157294122757,104418.652523281,40736.5255275395,88176.8468661358,40780.4711856288,108723.34893082,92335.4633711898,43225.1037807773,43269.0494388666,1105990.34594313,877616.684858024,228373.661085104,639116.896252828
SUBJ018,left,2.56853884178539,87632.3545737582,35639.1487699029,74866.7133953199,36753.032195984,91298.2391317748,78502.6399406438,37964.3272929786,39078.2107190596,819682.114894327,633202.840783313,186479.274111013,514079.482243141
SUBJ018,right,2.54564659001521,86618.5546072154,35092.9917375053,74237.2821791702,36679.0581008078,90609.8487245345,78193.535162631,37236.3208613447,38822.3872246472,831412.329337857,647281.012783702,184131.316554155,524046.027035839
SUBJ024,left,2.29666766038589,97086.961248712,38607.5833832795,82862.9178440279,39452.9115424201,101808.301948666,87375.2993489692,41533.7390162833,42379.0671754239,1131652.86374004,923061.440371047,208591.423368997,622811.207227119
SUBJ024,right,2.23531608316057,99333.8622453036,39522.8545331666,84358.1658790184,40093.6833689842,103794.591083042,88758.6530437406,42339.0962778173,42909.9251136349,1162483.91116523,946567.322380888,215916.588784342,645931.690942278
SUBJ025,left,2.31662713683,95558.5901894734,37777.9961966179,85102.5540171058,39553.7210196981,99391.9777728986,88961.8333694791,40231.0571261968,42006.7819492771,1058609.57929982,887065.956407206,171543.622892611,603018.557146092
SUBJ025,right,2.27015559497484,93349.1052400372,37494.1601362934,82593.9489538075,38383.4553260261,97262.3607058808,86414.8198720278,39975.7863192703,40865.0815090031,1013638.21447888,844038.302649707,169599.911829168,585154.70956757
SUBJ027,left,2.61564830863772,90037.2564163866,36414.1411667808,75740.4350661438,37879.6265736666,94261.6481539239,79922.0815999091,39015.2951912444,40480.7805981302,864864.599768843,661951.591087631,202913.008681213,517095.386130849
SUBJ027,right,2.60831089508631,90411.3688910534,35858.7489794935,76429.5603253099,37105.3122629293,94532.9998591008,80430.4144378942,38313.9400724986,39560.5033559345,849459.94763377,649704.278631002,199755.669002768,519973.993940121
SUBJ030,left,2.4530729751035,83734.6393655861,34401.9824332256,69502.238607277,34879.8287971418,87382.8446842201,73087.424752983,36819.3868843677,37297.2332482838,849000.112494835,659602.99879542,189397.113699415,485097.789205411
SUBJ030,right,2.41318254219031,84049.4298265385,34429.8456701956,70060.5681781904,34343.1945721679,87678.1947781351,73638.1396947897,36755.1124026928,36668.4613046652,839681.037215551,654865.35888139,184815.678334162,481080.575491073
SUBJ035,left,2.28820659864934,110801.399678198,43874.3102967633,98433.8203549945,44986.4530279808,116119.230010499,103717.97266244,47400.8241116392,48512.9668428567,1276199.7031163,1071966.40619344,204233.296922856,703206.713840084
SUBJ035,right,2.35905894205482,111168.319384206,45619.2654211745,97196.6026587761,45587.4314318869,116293.629681818,102276.053107767,49108.3873732499,49076.5533839624,1316604.86892933,1088931.5114614,227673.357467926,735639.166990007
SUBJ039,left,2.35804877421966,98024.655775958,37960.2775776982,83195.2155677153,38767.6028214037,101768.61233103,86943.9446179363,40475.968778729,41283.2940224345,1049407.10612763,840541.399566071,208865.706561563,566409.304417448
SUBJ039,right,2.44048153709472,98136.5176440383,37701.1034169794,83170.9544312558,39011.4770808614,101993.416020874,87065.2674893154,40175.5619078931,41485.935571775,1054886.84172868,837282.990404029,217603.85132465,568570.905919421
SUBJ046,left,2.48902098374264,85966.7642710774,33417.659243195,73710.3134181918,34797.6943793364,89445.3097116837,77163.3449204842,35711.9086538898,37091.9437900312,929713.136502837,746172.937347565,183540.199155272,483901.838397074
SUBJ046,right,2.5551051960168,85762.1140887337,33798.2974181211,72860.0430639107,35173.5679176463,89566.3441098888,76538.0251639384,36065.0460858037,37440.3165853289,929610.667571464,741139.035268047,188471.632303418,495989.898917322
SUBJ048,left,2.34338131487772,110370.079268657,40858.5520516587,92595.206420389,42743.980845459,114944.272311387,97081.8884704638,43861.4944748752,45746.9232686755,1088820.66207766,849367.195741644,239453.46633602,638616.754805216
SUBJ048,right,2.37418657324722,109339.374529165,40188.4397029472,92710.1940689348,41657.8275630563,114161.729847054,97446.1058217998,43035.0382772621,44504.4261373712,1092632.5438163,864749.884293483,227882.659522814,638216.137289754
SUBJ051,left,2.58576167224833,97532.7775534183,39927.4043803401,80546.1300596318,40928.0344462742,102041.497170898,84943.2297272442,42806.4576027205,43807.0876686547,936958.951004338,700775.964353057,236182.98665128,584447.780933556
SUBJ051,right,2.58381484625764,97070.1948790359,39203.6524310924,80884.6567458855,40101.4801254252,101448.537541721,85204.4787654629,41895.8622875898,42793.6899819225,937285.157209577,708874.826095214,228410.331114363,579391.849260199
SUBJ053,left,2.49093139243307,109255.097402833,42095.8392484982,94119.733895231,43387.9215346735,113685.014708299,98560.8717619678,44944.3779448813,46236.4602310566,1094255.63458155,856177.120467974,238078.514113578,652058.158707032
SUBJ053,right,2.52004215367595,108803.234282632,42565.6937999736,93820.0218580486,43816.7199356578,113624.120260417,98467.9101867129,45369.7625392883,46620.7886749726,1108060.94660214,869918.222834295,238142.723767841,660944.384019162
SUBJ055,left,2.45752194201285,94309.2713956172,36853.4999363362,81152.556322858,38332.9134361577,98135.4081946477,84956.8993055674,39363.1289678499,40842.5424676714,991071.939894354,800796.274926704,190275.66496765,557873.029490757
SUBJ055,right,2.42894221731057,90041.0369583982,35660.505277798,76537.8332852178,36577.1975199059,93802.1756180316,80301.8605163261,38167.6789933699,39084.3712354778,962438.886267536,769801.236090536,192637.650177001,532792.945419877
SUBJ057,left,2.56580564079713,89633.14425333,34410.7157194527,78946.6009801428,35576.9914757492,93227.8377387686,82523.4448131497,36712.5232695819,37878.7990258785,876193.225466453,707953.027247187,168240.198219267,510192.955545806
SUBJ057,right,2.5966311839021,90768.1225043678,34852.8781975226,78421.04719918,36222.2866727754,94626.5590314579,82196.1782409025,37086.3720867855,38455.7805620384,900568.972520429,709999.874195581,190569.098324848,525847.288224054
SUBJ065,left,2.24707801792966,97087.2690952914,39213.0222909559,84602.2243130786,39612.1976210438,101866.989732007,89333.268106289,42309.7245777613,42708.8999078492,936158.953419471,755499.350949727,180659.602469744,569343.424043911
SUBJ065,right,2.27291555671276,95924.2984920697,39227.4985176209,85104.9451187837,39880.2187189518,100568.316482327,89636.8124563422,42125.9540079128,42778.6742092437,970355.579186438,808414.688761495,161940.890424942,593144.397157032
SUBJ067,left,2.6002928887368,85472.9621665429,35052.0106705139,72484.0787324266,36325.4451656512,89494.7425813982,76377.9601780789,37487.285410406,38760.7199055433,817600.515011318,628418.280964201,189182.234047117,493565.723959854
SUBJ067,right,2.55007823406217,85294.9317204709,33870.7032651944,71479.0921035988,35532.549694743,89258.4949435237,75373.0890575506,36318.4441013188,37980.2905308674,808527.50779217,615213.83149937,193313.6762928,487378.555387798
SUBJ070,left,2.3592054491287,79626.1759291353,35019.5181202068,70487.5546067043,35097.1680863686,83399.8197844935,74217.9096492621,37369.9798296416,37447.6297958034,829818.807615888,689528.672941225,140290.134674663,494282.893575501
SUBJ070,right,2.38602654875637,79409.7459252032,34421.3123577376,69576.0117511089,34692.0223652584,82904.5543513393,73046.4254796623,36703.3965256044,36974.1065331251,841443.701528926,683313.479683932,158130.221844994,490949.274999956
SUBJ071,left,2.51129149687413,91072.2552661784,36149.3875412764,76044.8535463903,37297.6497748163,95506.0939348336,80407.7002139901,38856.8383240379,40005.1005575778,1055812.9883012,830742.071138719,225070.917162478,575110.027561622
SUBJ071,right,2.51422739165721,92525.4304785412,36255.7145438977,77952.501186414,37661.5444212916,97145.8352583676,82482.2063608902,38760.4701763934,40166.3000537873,1070561.1864259,851861.084451472,218700.101974433,585470.414143098
SUBJ073,left,2.62069845950708,115420.504152936,42123.1078870619,97620.7161616399,44261.3777776674,119800.403729112,101952.65003662,44870.2767303585,47008.5466209641,1150275.81488418,875839.381809795,274436.433074385,657553.832149451
SUBJ073,right,2.59348789770488,116888.878790167,42096.1721950357,98590.6983703836,43621.1926499003,121528.738215153,103011.10951528,44694.34671307,46219.3671679346,1165598.13566746,884898.254059362,280699.881608096,656147.364999456
SUBJ074,left,2.43096314914797,101515.751472516,39636.901170605,86739.5445444644,40911.9715158709,105878.289671226,91044.48465245,42454.5031673317,43729.5735125975,1022065.64918732,805661.089118275,216404.560069041,613217.572480184
SUBJ074,right,2.40563766411011,101920.053637498,40269.3136036749,88257.6007581584,41399.7442157994,106156.445704138,92391.5793938002,42892.0001739813,44022.4307861058,1034696.22986878,825387.909318493,209308.320550289,619361.625626529
SUBJ075,left,2.50877181289728,99721.7965624614,39506.1632366264,83790.0484499703,39995.0188528595,104342.833711518,88378.4695191629,42441.0815819888,42929.937198222,1070306.14651606,843630.582871319,226675.563644737,600735.691870409
SUBJ075,right,2.50101098050594,99375.8794152977,38484.4119645449,83331.8295493075,39512.6073763156,103827.12304538,87738.2537347985,41342.5269162273,42370.722327998,1045907.89038121,814981.034808936,230926.855572277,599136.539989585
SUBJ076,left,2.32149661997732,107915.925750454,43057.002069314,91398.4096381025,43022.9605543597,112689.793275169,96098.0206746789,46345.9139554024,46311.872440448,1180740.07422815,942225.750859345,238514.3233688,669075.255903103
SUBJ076,right,2.28570195785193,107490.941211736,43385.7838861943,89939.2878248353,43337.5050878337,112230.806552578,94704.4313504394,46530.0499934045,46481.7711950439,1168846.45141766,918614.284264634,250232.167153031,676400.014074026
SUBJ079,left,2.50758654783497,98651.7467852782,39305.5064787596,83968.0259365681,39450.4855838602,103373.296085089,88627.6038381215,42386.2659513487,42531.2450564493,1010888.9235754,787259.867217151,223629.056358249,588682.404668593
SUBJ079,right,2.54071419425753,98434.2900099443,37309.4410200854,82826.7408196335,37610.7527806303,103890.858714528,88067.3082887007,40477.0731381823,40778.3848987271,1028850.6060191,795861.441863666,232989.164155432,577689.221879276
SUBJ080,left,2.6647013858321,94581.7301498078,36796.4165103704,78670.8535152043,38845.88245746,98681.0137383741,82687.1867670336,39344.2211815795,41393.6871286691,906182.748948048,678218.969378587,227963.779569461,534304.016802777
SUBJ080,right,2.66897757644058,92727.1081772404,36320.3741828842,77475.1712185277,37721.7855168793,96807.2037003749,81461.586275961,38785.1288350494,40186.5401690445,901032.127408903,672208.565790753,228823.56161815,533849.358817103
SUBJ081,left,2.48910126920208,84201.7054344122,32889.5743708897,70938.9487651584,34204.9626696825,88121.0103817997,74809.6972673976,35603.2750701169,36918.6633689098,770174.660731139,591033.471519879,179141.189211261,463930.134421309
SUBJ081,right,2.48123649694531,84143.3606603375,33696.845944542,71485.6187478039,34757.8636287657,88213.0155677054,75511.7629763857,36257.8390619417,37318.8567461655,804687.639375168,625479.19607155,179208.443303618,478104.337862954
SUBJ082,left,2.5864724330499,107470.44500552,41892.7195238217,90672.9177455475,43716.9578889424,111778.236726494,94905.2518463786,44316.2019723908,46140.4403375114,1077170.58541477,826406.307995335,250764.277419434,637444.348571154
SUBJ082,right,2.59328700085393,107179.530204165,41257.5060758363,90899.0619828674,42427.6678901236,111694.83824225,95226.9420346695,43692.2654284269,44862.4272427142,1056479.56682838,807869.966453921,248609.600374456,637489.997240343
SUBJ083,left,2.57976628833006,103475.235933353,38671.8455778717,88483.7030025298,40081.7130242548,107764.447691222,92672.6694445751,41160.3347997287,42570.2022461118,1015855.93557431,779959.216240841,235896.719333466,585929.307480188
SUBJ083,right,2.58175498868589,104662.221700619,39237.9690332677,89515.1166331341,40813.2440342292,109065.841047974,93832.8960061783,41693.8840642384,43269.1590651999,1056134.24061072,810625.673643794,245508.566966927,605693.705891327
SUBJ086,left,2.53362269458502,89718.760728693,34819.7887807503,77430.9895288638,36377.1894223557,93567.5663861852,81228.6622410751,37112.2625186668,38669.6631602722,840388.726156922,652490.264304189,187898.461852733,506203.107468948
SUBJ086,right,2.54640310455529,89038.8929859683,35257.042886578,77312.3760645439,36786.6731418076,92888.5039712638,81071.4170448243,37521.2125807109,39050.8428359406,849407.824919513,661536.078219186,187871.746700327,514018.002609846
SUBJ090,left,2.51816914971787,91053.8833161649,37266.0558634228,77625.7127264253,37765.3136645744,94896.8517053858,81442.6569132663,39644.3044427378,40143.5622438894,866860.947447294,668506.008414338,198354.939032956,525382.53953103
SUBJ090,right,2.50733612994672,92469.5411938793,37531.1830841128,77421.7885108416,38154.9110597446,96480.9979286446,81307.4180242697,39892.9799173676,40516.7078929995,887745.073278696,670142.256283523,217602.816995172,536417.802456497
SUBJ091,left,2.38043922908147,92459.5366972314,36445.5687906787,81488.5259773665,37520.9388690754,96257.1616880516,85229.3213806838,38959.5221143647,40034.8921927614,1016494.61634277,848080.085805026,168414.530537747,557441.248931207
SUBJ091,right,2.37730755085665,91638.9851716015,35767.6881850779,80246.9316812053,37007.9782047949,95494.7019751389,84019.3022312492,38212.1800671355,39452.4700868526,1018157.03810536,844296.639109652,173860.398995706,555576.670907895
SUBJ092,left,2.51270306878907,95730.0292664155,37619.6536278764,79706.6360406572,38599.2007480914,100005.286726257,83884.7881964328,40354.0356804733,41333.5828006883,921331.564173205,694621.048851597,226710.515321609,562701.544816962
SUBJ092,right,2.48166130255364,94548.7344174472,37030.8162045762,79309.2914387258,37958.3967749728,98942.580182121,83563.7301597841,39567.2492709318,40494.8298413284,925070.343121815,712095.803844645,212974.539277171,560990.639748879
SUBJ093,left,2.48903251431061,113758.80244091,43652.502532649,98758.933918039,43936.5492979637,117625.176671815,102500.89282204,46037.460971866,46321.5077371808,1137931.29981753,898948.80283169,238982.496985839,688796.170931335
SUBJ093,right,2.48038426881451,112089.919850957,42474.1117381912,97044.973832874,42226.8943731224,116354.301543696,101099.012182629,44922.2496550845,44675.0322900156,1149342.11249226,907617.681820965,241724.430671293,680801.372227834
SUBJ094,left,2.53806085056445,102825.247711091,38101.0359677123,89758.2733264804,39523.8683387107,106828.676733306,93631.2422926028,40474.1974354424,41897.0298064408,1011176.36988024,793655.439492325,217520.930387912,577170.882313239
SUBJ094,right,2.51252861350219,105361.196695775,38805.1512243062,91387.0939579395,40204.2360277544,109493.654324458,95358.5331209795,41083.0367441796,42482.1215476278,1019296.96941714,788808.372893013,230488.596524131,588136.897825995
SUBJ095,left,2.38404472444471,89362.5223896133,36746.4034023093,79000.0540251186,37574.7588799138,93748.7959083809,83324.7522786556,39911.7085674767,40740.0640450812,998838.761333085,829318.963580535,169519.797752549,558532.61365542
SUBJ095,right,2.42599298891043,89651.2043785477,37907.9088234447,78162.6638808082,39300.5162572201,94206.7165615304,82774.6183776698,40979.9711997358,42372.5786335112,1011101.92370012,824551.122734495,186550.800965621,581663.657058579
SUBJ096,left,2.69100993269075,98082.8284897773,36753.6704562388,82428.0965677409,38319.1321115121,102037.718915562,86341.5525382205,39275.2357770831,40840.6974323564,946149.195854028,706345.862630634,239803.333223394,545354.647053142
SUBJ096,right,2.68495379850085,98233.631687747,37411.2339151124,82530.1784506387,39193.4861083912,102194.551132757,86461.7578187758,39953.2545713406,41735.5067646195,966262.691989537,730137.185741044,236125.506248493,559399.722027178
SUBJ097,left,2.44991034303089,79349.1157614667,31730.400365806,67371.7249165537,32825.0402721586,82671.4699601101,70618.8824399811,33851.9402628812,34946.5801692339,702350.948641753,534055.911052218,168295.037589535,434512.949232426
SUBJ097,right,2.43603271774598,80635.759148514,32708.457376357,69387.9230848071,33410.02985721,83965.6101302579,72693.8879252388,34827.373578867,35528.9460597199,726242.952899006,561839.755278163,164403.197620844,450994.904810067
SUBJ099,left,2.51804235399223,94935.5963238634,37349.8140220328,80187.1661722888,39007.8198348066,99016.0515470427,84194.6008769571,39985.4789680869,41643.4847808607,909682.88254329,701286.998484906,208395.884058384,549748.04700268
SUBJ099,right,2.54732069513007,94961.7294818494,36736.4019105527,79673.480952264,38122.0587129535,99185.1419978833,83723.9052955002,39297.152998162,40682.8098005628,914250.445811949,694633.727941391,219616.717870558,545015.827102925
SUBJ100,left,2.51828918112637,92332.0713886715,36166.8744460264,77097.1580709339,37083.545515576,95849.3412845394,80633.0151035207,38233.4850634341,39150.1561329837,851296.71795029,650267.213723451,201029.504226839,502085.883321914
SUBJ100,right,2.52049167269372,91187.3119043483,34677.202704338,75876.8086023013,35475.7905152498,94645.0038461659,79268.0061697528,36720.9535574913,37519.5413684031,821319.321897849,618467.879839881,202851.442057968,492900.413332149
SUBJ101,left,2.50687051043148,101190.10541445,40066.5233244051,89407.3475510663,41274.454847764,105579.736009439,93720.9546740894,42943.8067472589,44151.7382706178,1003985.57543425,809292.786955253,194692.788478993,604425.328916235
SUBJ101,right,2.43932673821482,100931.675139148,40392.1165670865,90312.6855824425,41728.9833380544,105359.560179785,94612.8592584135,43147.6040019932,44484.4707729611,1024720.03086341,838873.251327294,185846.779536112,620033.456624628
SUBJ103,left,2.66500963787379,94662.8259151382,36133.950591288,80813.9032875904,37297.4852593702,98300.8690847532,84380.9628057047,38202.8111880256,39366.3458561078,900563.921581922,682872.140859341,217691.780722581,534743.478195843
SUBJ103,right,2.65780497175711,94081.202406595,35691.6098289211,80110.7078280595,36956.7911206329,97814.3432002181,83734.1577863106,37731.2772201524,38996.4585118641,911441.337357747,693457.234479913,217984.102877835,537241.18579146
SUBJ104,left,2.47118739792205,88844.808875925,35341.0471257156,76094.1049023682,36360.8492908289,92617.2282719637,79796.3165481779,37697.542358645,38717.3445237583,956874.472342973,766595.050164383,190279.422178591,535621.615715594
SUBJ104,right,2.38823624521087,88724.2135663219,35766.6976161386,76792.1413528878,37156.4728973468,92478.0269708733,80511.4212754398,38110.2873278397,39500.0626090479,978199.699139455,797198.892084101,181000.807055354,551618.926542489
SUBJ105,left,2.54562113804695,95563.5028555758,39924.4491638534,80691.9739521568,39911.4512375742,99981.7944402569,85059.8078745393,42822.588561991,42809.5906357117,920443.256689284,708610.974189537,211832.282499747,571800.197658041
SUBJ105,right,2.53867546630848,96986.4491440628,40182.7776455738,80873.3224123546,40402.3030497894,101604.657023083,85399.4926987779,43016.0397217807,43235.5651259964,951061.459694044,728839.568993013,222221.890701031,583864.742671193
SUBJ106,left,2.55479921579627,91947.7824402659,34901.0371463545,76728.0690427994,36385.0175165369,95572.0516612359,80326.4458922765,37231.6254516766,38715.605821859,842365.304931889,632289.280587246,210076.024344643,504586.897450656
SUBJ106,right,2.48628671601785,88718.5143556369,34034.5091298168,74871.9737408865,35165.7593113051,92397.5806932002,78488.3233928355,36282.6520812123,37413.9022627006,830630.511685835,637417.952206545,193212.55947929,492793.368349927
SUBJ108,left,2.53767798439518,105865.86207292,41166.8123845423,91998.1230471853,41981.6336380081,110095.872392866,96258.7392441181,44021.6512940991,44836.4725475649,1041487.76554838,816436.116531568,225051.649016815,613898.512103694
SUBJ108,right,2.48900692604681,104226.809781708,40543.7483706013,90514.3010711312,41895.4487729676,108599.97283378,94760.4245803177,43243.5553612957,44595.2557636621,1028996.72216089,806768.007084842,222228.715076046,617662.872795627
SUBJ109,left,2.53888616270332,98394.8980434593,38481.3794465511,84292.1076489206,39121.0100133579,102697.587156843,88559.6226046206,41163.6130823446,41803.2436491513,972335.901543184,764246.119557812,208089.781985372,580778.738399602
SUBJ109,right,2.56076484842344,98544.1868058959,39719.6334122868,83854.1967522109,40690.9612948501,102760.2110883,88012.4457015088,42392.1776003748,43363.5054829381,1007720.31519267,790316.634870942,217403.680321724,604414.58042185
SUBJ110,left,2.36646709090201,97232.6957226496,36566.8536005665,83718.1552922991,37104.1621453231,101344.637183889,87766.1182823294,39248.0523336179,39785.3608783744,1074309.46006406,879490.944640057,194818.515424,577415.546327647
SUBJ110,right,2.37363678834407,97098.863406556,36646.5280992614,83693.9799050163,36963.1517851921,101233.184182773,87691.0629888277,39195.5772317186,39512.2009176492,1066219.66156858,872056.257775979,194163.403792604,585017.664467051
SUBJ111,left,2.48089354899542,93968.706541558,39165.6172267038,78874.6176840719,40130.7477632373,97966.3530639294,82850.0140460787,41663.0885805725,42628.219117106,1081133.5568522,858845.001530068,222288.555322137,625568.857843534
SUBJ111,right,2.48755050479854,93660.113298603,39509.8418722937,78664.6256060006,39476.5417451903,97692.6182072831,82583.7188528263,42000.1654877653,41966.8653606619,1061600.4233417,828023.252191767,233577.171149934,613764.294469518
SUBJ112,left,2.39822154146651,95097.1113381573,38333.9265472055,79361.2826404737,38908.3678313868,99464.7792611749,83669.1949268838,41156.9039068317,41731.345191013,898581.801395459,688902.862216131,209678.939179328,560475.070132326
SUBJ112,right,2.42013775355506,93317.5457774063,38277.6793874689,78107.8965693077,38143.4000980549,97609.1375990356,82395.6734150236,40998.269205198,40863.9899157839,900123.26484126,693097.547858606,207025.716982654,558786.296507264
SUBJ113,left,2.75983824122132,103244.040437693,39812.1367335918,85795.5369866187,41483.4443169188,107204.830818874,89683.5479865796,42189.2433729004,43860.5509562274,1093289.76618783,829262.0802145,264027.685973333,615325.06561248
SUBJ113,right,2.76125733617273,103709.130313059,39304.5009198391,86474.0436681065,40475.9624342252,107756.277296517,90421.42731323,41646.1543700227,42817.6158844088,1080681.83397036,818666.699695225,262015.134275137,608819.715606723
SUBJ115,left,2.46530873952205,96213.0233377605,38545.3401602173,79100.0676029631,39336.8546653298,100013.262151338,82827.8886701535,40985.5828455721,41777.0973506846,1062908.88336117,824946.308275815,237962.57508536,595249.57636753
SUBJ115,right,2.43072937675741,94592.1720160985,37670.658711419,78483.4038024747,38324.6551160468,98599.9195321815,82452.8916888054,40108.6410549508,40762.6374595786,1076525.57674282,848422.217302165,228103.359440655,590587.243262993
SUBJ118,left,2.5678849486377,117896.976942775,43155.8633606431,99802.7478540754,44870.0607555154,122324.219611742,104244.971687755,45879.9510630981,47594.1484579704,1198232.65949192,926770.542562373,271462.116929551,672955.784095092
SUBJ118,right,2.55928701506573,120046.295648702,42642.248641692,101418.858181667,44505.5668981302,124842.747513664,106086.20389288,45385.7451405213,47249.0633969595,1212525.16697119,927100.876203302,285424.290767892,682287.32141402
SUBJ119,left,2.52564120389636,106996.157349582,39568.2686791268,93313.9915746964,41264.9327185436,111292.236820926,97489.6562523037,42215.0953952798,43911.7594346966,1066870.92344743,839346.874178611,227524.049268821,615854.8634846
SUBJ119,right,2.52946217132488,106624.076358396,39429.3081422312,92206.421786433,40784.3875640738,111161.34887484,96565.8824975557,42117.4929652054,43472.572387048,1078155.19064092,845698.880657158,232456.309983766,610827.437008435
SUBJ120,left,2.4356085042219,97322.5276217685,38387.6308056309,84264.0421701551,39753.3211313676,101305.178376641,88153.3574946142,40841.332197856,42207.0225235927,1082059.20828082,885753.237911,196305.970369819,609688.225504268
SUBJ120,right,2.44633918658155,96974.0127729068,37960.5253333233,83744.5823752923,38780.0524861737,101267.28937329,87816.623285216,40300.7033329186,41120.230485769,1075610.05779876,872450.585007211,203159.472791554,599285.326769331
SUBJ121,left,2.49462796658322,108043.893843452,41305.6447684096,93940.4109985226,42998.024408453,112407.173505904,98192.470074005,44012.8752365211,45705.2548765644,1176817.61313841,952661.028969001,224156.584169409,672762.459843965
SUBJ121,right,2.4968278386281,109012.348115591,41442.2905120997,94862.8775720149,42265.4649036218,113312.260993779,99056.1864138734,44045.6034593986,44868.7778509207,1192037.68714616,970003.742797562,222033.944348594,673426.638565303
SUBJ123,left,2.38642194873686,105018.711782587,41766.5491817071,90518.8835583353,42851.3952784158,109423.824360716,94787.4616593141,44481.6384896872,45566.4845863959,1194441.7576903,972602.189400112,221839.568290189,662273.541689049
SUBJ123,right,2.38429577082186,107119.503615242,42254.4473310225,91769.4429389767,43449.8901540279,111390.617029844,95903.9185973895,44901.3144784002,46096.7573014056,1227641.41941724,1005188.48267894,222452.936738299,680317.633182703
SUBJ124,left,2.43113478491393,89660.5413254671,36025.4719884251,76776.2668120499,36643.7773393712,93239.3118644248,80285.7666156418,38194.1012266977,38812.4065776437,824032.304349734,643641.860573357,180390.443776377,509270.650471599
SUBJ124,right,2.41677842643009,90666.1426531775,36092.459710137,77789.1555654278,37348.8549342884,94371.0168582796,81405.2706150921,38249.9439387127,39506.3391628642,850581.945046473,665932.921503397,184649.023543076,522047.400367261
SUBJ125,left,2.41700819760572,92163.0014990184,35435.6510741518,76991.9379563427,36624.8874048392,96111.549376781,80877.9165028708,37850.6672481813,39039.9035788687,864997.243262799,655613.301228399,209383.942034401,512160.839481513
SUBJ125,right,2.41717777541928,93196.9391505474,35377.022233554,78538.4310317692,35838.7830541453,97068.5483213708,82326.7120144107,37613.5115194863,38075.2723400776,878755.344989049,671073.995879595,207681.349109454,520338.668273291
SUBJ128,left,2.43234411920279,95462.3168054579,36356.0284448909,81772.5523592929,37860.4591491686,99490.0092572169,85731.582321976,38851.1165532897,40355.5472575674,896974.358386793,696955.652365888,200018.706020905,529285.141833504
SUBJ128,right,2.41046712128667,94498.5050881725,36228.716128703,81631.8773089064,37459.4449642873,98495.9642072968,85472.87956593,38623.9200754307,39854.6489110149,924478.100622856,728679.130736244,195798.969886612,536771.596341163
SUBJ129,left,2.67146113574664,86429.1834112504,34447.1356410744,74099.1678576922,35993.1945044301,90386.4882853152,77981.0787172874,36834.1464687388,38380.2053320945,803726.422784554,613129.864534089,190596.558250465,497032.965448179
SUBJ129,right,2.64491259133249,87526.5576376275,34777.4961327053,74874.7943607513,36131.0626627366,91364.8662710066,78665.8411898494,37056.7350627197,38410.301592751,817775.911441624,621808.44707767,195967.464363953,503017.343569673
SUBJ130,left,2.52099824416104,93633.0963349611,37044.4986129222,79975.8349276738,38521.4031193971,97511.9885683676,83843.3926061009,39655.3991243764,41132.3036308513,899656.516530169,693737.997045249,205918.51948492,542311.516695363
SUBJ130,right,2.51394931924171,95011.8644433517,36897.9817782794,80581.389512381,38297.5865680639,98970.4107361044,84563.1067892246,39388.5201799729,40788.1249697574,918531.572689299,701865.451885521,216666.120803778,550271.85806518
SUBJ132,left,2.42142160121856,116467.314308281,45210.6163820714,98687.0379521273,47103.5632965867,121416.125434405,103565.713370701,48385.6427845057,50278.589699021,1228832.98277377,965112.535099077,263720.447674693,713589.315283803
SUBJ132,right,2.47767645879883,115968.407674283,43524.1261600549,99024.613447979,45081.4442887659,120403.931575897,103357.477908573,46669.4505028563,48226.7686315673,1194806.86485381,929134.695071886,265672.169781923,695760.448887844
SUBJ133,left,2.37818932692649,108070.530990218,41451.322413251,92721.8327907857,42160.9409422613,112542.288291157,97112.7229189028,44432.9159861453,45142.5345151557,1051622.75674588,838215.520807549,213407.235938331,630212.126566525
SUBJ133,right,2.3292918680963,107258.970061936,41823.9615679068,92802.5016573617,42763.9838261781,112037.486804874,97418.5329886785,44724.7572523022,45664.7795105735,1056876.87746584,851490.924881773,205385.952584069,637530.65404853
SUBJ134,left,2.4704861285858,96907.5310461678,36548.338210856,83371.1252725851,37897.1621731107,101087.373551216,87518.5022669485,39308.5246084361,40657.3485706909,933954.893533983,719462.941861172,214491.951672811,551327.018616539
SUBJ134,right,2.51608708307915,96907.4293919355,36628.1349437932,83473.0574294288,37719.7206748894,101312.245554743,87850.036893444,39303.1172489637,40394.70298006,951313.321057438,736803.015735121,214510.305322316,558755.268722725
SUBJ135,left,2.39016605628991,97047.4115974499,36357.1652631539,81619.6396668551,37681.9805695802,101037.260075773,85550.9026588463,38839.2655244175,40164.0808308438,893344.564877617,682932.31950068,210412.245376938,540106.099358902
SUBJ135,right,2.41056668244326,97226.7619332531,36390.8384290043,81337.633554641,38125.220639314,101294.021753573,85404.9870064787,38800.0852046728,40534.4674149825,924514.09095035,712250.096621331,212263.994329018,549671.40753903
SUBJ136,left,2.57799247630905,80995.2728407384,32984.8242233341,65878.6567203641,34544.2294409608,85374.1443876452,70198.7109778299,35677.6349356193,37237.0401532459,764575.747572714,568987.220563404,195588.527009311,457229.735089134
SUBJ136,right,2.60438822095064,86128.5704414408,34661.4382908085,71180.7621554844,35999.0903506143,90366.0565893596,75492.8925275608,37300.8581627419,38638.5102225478,815366.388492804,613793.361381627,201573.027111177,507561.49389513
SUBJ137,left,2.50737381715667,92302.04995895,36633.8273699045,77959.2218930869,37842.9552571994,96635.0625415105,82128.1227053244,39184.2763417015,40393.4042289964,859286.954128629,657569.021693651,201717.932434979,530953.43807993
SUBJ137,right,2.50155336536746,92575.6036586659,35864.1983078054,78300.6853892238,36512.5406888721,96712.0461157815,82290.6409545161,38338.4043011263,38986.746682193,869362.205834944,671465.390781673,197896.815053271,528873.407626504
SUBJ138,left,2.6760636162832,107039.762849248,40405.0960606438,86478.1980269295,41240.1200507926,111342.07261883,90742.734525808,43261.6963412953,44096.7203314442,1058525.87549328,778702.89279353,279822.982699753,621217.009289807
SUBJ138,right,2.65759276447941,109540.626123892,42061.5226320386,88400.0393403682,42493.8008989206,114054.610276508,92878.7084284678,44929.0612402222,45361.3395071042,1124334.56039478,829736.611750559,294597.948644226,657123.945592008
SUBJ139,left,2.43464724191533,91110.3308394673,36622.4232987274,76780.3324738335,37324.8037188685,94980.3418933412,80627.9173202566,39168.4183551799,39870.798775321,843938.673608658,647080.568649466,196858.104959192,516650.769211982
SUBJ139,right,2.45721067476361,89472.8647564469,36268.2514231293,75254.3304398972,36513.4693840993,93291.9060762635,79069.6582704911,38754.0954274941,38999.3133884641,837662.144026279,634882.369866387,202779.774159891,518220.165591472
SUBJ140,left,2.47705897319853,105686.421094572,38121.3016892498,90991.843185487,39770.3688721675,110096.970972762,95319.5081948867,40629.4688160519,42278.5359989696,1041919.21786496,809108.412167952,232810.805697004,578941.650374354
SUBJ140,right,2.51208468916238,105838.521701632,38250.64884021,92266.3165344816,39776.2172843659,109866.2973567,96173.3198419337,40614.4288734323,42139.9973175882,1037749.34674221,812882.185062069,224867.161680143,592532.350101054
SUBJ141,left,2.38674049943052,117794.227213742,42834.4353878737,104536.717130424,44566.3170054496,122296.424752254,108975.92223392,45639.8173286633,47371.6989462392,1342661.96901486,1124654.76771122,218007.201303635,716760.775811508
SUBJ141,right,2.40702748412484,117082.448253704,42907.216880602,104093.909226101,44320.6264002198,121679.216545123,108629.849843191,45611.0341449491,47024.4436645668,1348009.38346212,1120136.6774859,227872.705976221,717343.645730169
SUBJ142,left,2.45215703564793,89975.6872118334,35618.4759877591,75648.6524174893,37255.1712969206,93736.6238243076,79404.8021231566,38121.4050310347,39758.1003401962,835061.027878879,643017.988073625,192043.039805254,513007.15769329
SUBJ142,right,2.47846663954103,91212.522626105,36502.6189942074,76720.9217138221,37830.0576407904,95200.4802900031,80626.8543815278,38919.1378608331,40246.5765074161,857514.719909846,660131.013515855,197383.70639399,525891.663500806
SUBJ143,left,2.57501013512783,106715.600525594,41479.66728835,89422.8331190256,42242.9234729859,111015.897970846,93673.3871354278,44142.5758916852,44905.8320763212,1031651.07459903,786176.160520784,245474.91407825,616953.110266262
SUBJ143,right,2.54749084090712,106831.600469931,41736.8972960185,89267.1004790372,42713.4938467663,111229.819445574,93509.7197538272,44363.7181842907,45340.3147350385,1054083.48244553,806930.292366765,247153.190078762,632123.379969337
SUBJ144,left,2.45803342399692,100961.823375874,37727.4694541249,85418.1881616912,38993.0381140147,105088.904882687,89444.723686367,40236.6007985652,41502.169458455,970576.603792052,751360.867899683,219215.735892369,562222.915990471
SUBJ144,right,2.49496867729557,99284.4026859911,37833.9387045929,84286.7569350804,38680.3028177111,103450.885621078,88271.8821929941,40144.72554677,40991.0896598882,993152.06225259,774231.092715694,218920.969536896,574212.891276763
SUBJ146,left,2.4626631647114,96798.1753815339,37904.0160397883,85907.0313557146,39078.8776412247,100722.708122471,89867.2819785952,40334.4326752672,41509.2942767037,1028595.99813124,846440.384445171,182155.613686072,579917.533661927
SUBJ146,right,2.4983228177638,98735.9866591659,38332.7366682207,87400.0171887576,39286.0033493892,103124.453385268,91643.1819124269,40756.9622459355,41710.228927104,1059500.37765059,866153.06592087,193347.311729723,591843.333688427
SUBJ147,left,2.53417318977439,88755.4839220996,34679.0617601378,75857.6072310989,36049.4499632044,92447.8802593693,79507.0208218086,36975.9010757868,38346.2892788534,900070.505469451,710542.843012207,189527.662457244,504053.49738071
SUBJ147,right,2.51603129963235,89546.9519882441,34717.6342139116,76471.6241072081,35652.8308160313,93342.9976721476,80135.011729487,36912.9787773173,37848.175379437,900072.88056286,705594.92708563,194477.953477231,508106.186010512
SUBJ148,left,2.37403212471523,92273.0157666928,33871.6271070292,80944.280326837,35459.8677347227,96127.8139503398,84687.6402174385,36074.0937227396,37662.334350433,853831.238083791,675571.056194966,178260.181888825,488986.962501862
SUBJ148,right,2.38156351307999,92125.0331031368,34149.7478046441,81072.0326913185,35445.7190412249,96012.8907909407,84831.5963367628,36293.164306637,37589.1355432178,867742.501323024,694682.747873792,173059.753449232,500632.247282037
SUBJ152,left,2.44847985312937,97634.0729393265,37442.0062216801,86247.5229087891,38816.9762534834,101183.432175496,89781.9610863039,39657.3056895811,41032.2757213844,907070.608122982,727849.697298841,179220.910824141,538719.705921903
SUBJ152,right,2.4744592312164,98365.5766647543,37834.0415463126,87286.8764106901,39556.85620313,102089.281394496,90910.884819053,39996.7810196891,41719.5956765065,933565.117540762,745810.086195759,187755.031345004,560735.019575339
SUBJ153,left,2.27342557334342,88892.217041419,33951.7525990148,78404.0747185847,35448.7622365844,92722.3145849947,82177.2096067065,36218.6607629546,37715.6704005242,835364.074252627,670312.281596213,165051.792656414,488717.082929183
SUBJ153,right,2.28993222072504,90226.0655824008,34469.0908128745,79806.172778981,35625.2636263737,93916.5744344266,83448.677949057,36619.4334885706,37775.6063020697,856311.78216741,694108.571431513,162203.210735896,508212.046896571
SUBJ154,left,2.6658950954967,90719.8536514369,36219.1998195709,75899.5286741936,37722.2902979444,94394.3530412462,79570.4263654754,38577.2047990976,40080.2952774712,860937.289128011,650064.63958692,210872.649541091,522639.450318489
SUBJ154,right,2.68631040566852,90567.0213608739,35852.5031572493,75604.1072124662,36807.5151241303,94433.8618912915,79433.3731866994,38171.9563198302,39126.9682867112,849301.796590966,637431.004204468,211870.792386497,518583.064276092
SUBJ155,left,2.53860584508158,94639.7315016266,38003.4679478144,81692.4356256622,39236.5844880258,99176.9323804885,86200.4119616003,40833.2563243305,42066.3728645419,930661.371119698,719696.524508877,210964.84661082,570217.84695256
SUBJ155,right,2.51334004254942,95689.0746255707,38058.1909208911,81401.9675639138,39226.9632993807,100082.532063962,85758.0147414653,40815.3789950426,41984.1513735321,949895.615475256,730046.315262557,219849.300212699,574514.296070108
SUBJ157,left,2.43854084840559,91036.0051400423,34565.7080946601,78190.8135078241,36216.0925847999,94568.7902090219,81695.164619772,36657.5583793908,38307.9428695306,818365.190806728,638059.407672672,180305.783134056,493278.667425207
SUBJ157,right,2.43153080545569,91022.8363913943,34762.8792294491,77309.5780755375,35533.19706297,94454.7724001378,80655.7240667227,36768.9083163863,37539.2261499072,828576.846593155,639786.213951084,188790.632642071,501411.911073133
SUBJ161,left,2.4134133756828,100913.45048742,40550.9876235042,85243.273852718,41015.6361446266,104906.655307169,89248.9088470737,43155.9992107436,43620.6477318661,961114.31615166,742636.199419963,218478.116731698,587595.374539646
SUBJ161,right,2.39761459123614,102009.450683967,39756.6494368065,85622.8623006244,39934.7037395686,106196.617282519,89766.9146238509,42362.6104136474,42540.6647164094,949279.613715997,722584.393995292,226695.219720705,580233.460719777
SUBJ162,left,2.4791412593314,109373.72226294,40743.7326439685,92153.9534514642,41619.5468749654,114256.534657681,96929.0840798576,43806.873481372,44682.6877123689,1206614.65938429,951497.079901239,255117.579483052,654488.844165332
SUBJ162,right,2.48425906495855,109782.112920898,40617.7273813924,92726.2536314125,41921.0051997379,114605.588056399,97501.972257827,43626.3685046089,44929.6463229544,1214380.48405539,955381.636165707,258998.847889687,666700.604481169
SUBJ163,left,2.63094221256756,99300.0178284677,40149.2996671486,84354.9038067235,42145.4234219792,103681.448725471,88682.249886969,42839.3885478654,44835.512302696,1127603.37514926,892493.69541701,235109.679732254,651080.079181437
SUBJ163,right,2.66074462798277,98843.0121487691,39968.0333508876,83989.1185136063,41153.1709653794,103184.383158059,88187.748118146,42584.9630030566,43770.1006175483,1120522.12229275,887689.687890367,232832.434402384,651631.710452006
SUBJ164,left,2.45966817430445,94128.370678069,36541.1132962506,79959.4586850961,38043.7721041454,98164.195965781,83886.6168228223,38984.5851296663,40487.2439375612,1019610.67507807,806536.407818193,213074.267259876,562685.064866316
SUBJ164,right,2.43294673709769,93680.6702827887,35926.3781588516,80724.7782392306,37234.872685238,97557.0760503271,84474.5881906907,38279.1394700794,39587.6339964658,1015875.75648261,825770.608238469,190105.148244142,560863.62724633
SUBJ166,left,2.47919782355312,96839.3477469596,37877.7144876378,82076.9783384779,38743.4796042845,100730.550381546,85903.0539498542,40486.0641197946,41351.8292364413,935294.187814296,730421.271402936,204872.91641136,556177.929859116
SUBJ166,right,2.45510905727815,96474.7424244023,37718.9258593945,81888.6006015364,38885.9013924158,100510.593296826,85851.190243126,40217.3176989375,41384.2932319588,922602.761522792,720547.969891008,202054.791631784,557103.465628309
SUBJ167,left,2.39313211899669,105226.0334484,39689.4374449623,90666.0993482753,40450.1195828717,109787.778121637,95258.6026208903,42744.1985506245,43504.8806885339,1166458.51819714,965625.624501581,200832.893695555,650926.20544613
SUBJ167,right,2.42661023775211,106108.111848171,39832.728619954,90009.2469551905,40739.841095122,110969.911292797,94705.4841806742,42829.0077255327,43736.1202007006,1214636.62734837,989567.975035601,225068.652312773,663470.546707715
SUBJ168,left,2.35752408015596,106964.448732898,39098.0873893902,94118.3509175205,40456.6006167514,110576.436422643,97715.1173084939,41399.9922792867,42758.5055066478,1135974.61019533,931801.148259403,204173.461935928,612234.693171976
SUBJ168,right,2.39436356843062,106364.738673969,38397.0044253609,92180.7174270751,39458.1894977042,110133.900237959,95903.494609183,40615.9142657825,41677.0993381259,1142004.15165259,926994.187283403,215009.964369183,600961.887254652
SUBJ170,left,2.51306327985044,93844.005480647,37171.1688158014,80220.4910145174,38297.2682766561,97820.3812721453,84131.3221730001,39680.8936025246,40806.9930633793,901813.219370412,701232.611587165,200580.607783247,539244.060682159
SUBJ170,right,2.50537471225592,93691.8230346339,36485.2379909851,79994.9328835483,37476.2625133791,97891.9189340953,83933.5907048799,38983.7977630242,39974.8222854181,892248.323719022,687941.356380129,204306.967338893,526833.567832617
SUBJ171,left,2.50054689786079,103585.028451944,39485.1273695894,86948.8562817047,41320.5013451608,107481.144800605,90837.9527656672,42054.9896603505,43890.3636359219,1020395.72571737,788214.915092027,232180.810625342,595351.018796077
SUBJ171,right,2.47120125752494,103054.179204704,38037.6841925757,86346.4916127891,39750.8505923801,107089.472578185,90279.5077038047,40485.9646141404,42199.1310139448,999316.683781734,763895.300833837,235421.382947897,573801.960172696
SUBJ174,left,2.45509892082089,96578.4474666103,39139.1119035137,82011.0930870608,40173.969015248,100962.061292384,86319.5086211317,41888.2018968127,42923.059008547,971741.718714165,757984.136527389,213757.582186776,589567.987864085
SUBJ174,right,2.4349397405562,95584.0670161891,39004.2064935628,81281.5755584691,39583.3010470931,100004.834309961,85578.890410404,41750.392482375,42329.4870359054,980105.100783417,771511.403433998,208593.697349419,600972.516778414
SUBJ175,left,2.42719554228302,93863.8307130345,36910.2972254486,82584.5289808556,38240.6802031762,98019.1187980176,86627.6073338153,39574.4240035169,40904.8069812445,1028428.68759939,839304.570549844,189124.11704955,566781.316595791
SUBJ175,right,2.45357444433875,93937.1904930637,36584.7872239344,80424.1454755606,37502.1093925592,97897.4213043773,84325.1645112448,39124.0879402499,40041.4101088747,1012072.32827472,807608.232883927,204464.095390793,564157.74859717
SUBJ176,left,2.46671270933223,113328.072607255,43020.5966185296,98779.4126790175,44435.8041393114,117632.422194864,103061.768002312,45692.6571658236,47107.8646866054,1325694.83871074,1096956.23350902,228738.605201726,716272.738566529
SUBJ176,right,2.45756099700642,112815.137265846,42188.3321568467,99449.183452634,43778.1962894661,117600.329315414,103955.853088608,44773.7042547447,46363.5683873642,1296208.12032781,1081743.23222774,214464.888100072,706110.582363504
SUBJ182,left,2.56585353564123,98388.2920797139,37535.2035331163,82676.9077694857,38531.3180251469,102247.173513093,86451.4954061695,39893.5002964744,40889.614788505,1088724.15656417,866817.554650392,221906.60191378,569640.633549717
SUBJ182,right,2.56758793833359,100957.618984281,38316.4051310437,85028.8181657737,39615.6043987548,104792.784635245,88740.5702398402,40520.758151327,41819.9574190381,1098570.25160704,876913.609068836,221656.642538202,598377.018510774
SUBJ183,left,2.45451995323074,98521.5583294719,38584.8397603189,86840.2240188904,40501.0713507355,102720.393377304,90935.529490729,41106.6190788134,43022.85066923,958861.695319808,767398.543132619,191463.152187189,575122.799288146
SUBJ183,right,2.4630658538147,95686.5812658009,37549.3438389841,84072.7221593493,38855.151595327,99983.7021917787,88238.7195869681,40037.2403053536,41343.0480616965,920431.506260807,733883.986565128,186547.519695679,555210.280141446
SUBJ187,left,2.49682047686914,100699.932393713,37939.4157580896,86209.8824610413,39729.7630263809,104249.290209238,89750.3280085033,40147.2026228574,41937.5498911487,975767.388490624,758987.079805553,216780.308685071,572181.324911402
SUBJ187,right,2.47291495150565,101379.384333847,37556.8036216912,86416.7104589242,38748.9918676412,105428.633633524,90369.6446711124,39905.912448103,41098.1006940529,984756.07392515,767577.633174575,217178.440750575,570984.95226723
SUBJ188,left,2.56131500580234,98668.9320089073,38604.3355534661,84274.0383919119,40150.9576261832,102778.167238555,88360.4234402749,41426.151992571,42972.7740652881,947204.275046836,732720.518031279,214483.757015557,581566.321775586
SUBJ188,right,2.53221315858876,98585.1209982585,37353.8712306772,84107.6490443908,38614.4852193177,103114.034913725,88585.0413969802,40116.4699844683,41377.0839731088,949012.814839564,728215.000153112,220797.814686452,569321.931282273
SUBJ189,left,2.43847628806401,92755.7146069035,34733.0059173828,79541.1254528089,36452.3984879666,96710.0205547141,83403.1037732013,37178.7436122798,38898.1361828635,868819.186143385,670315.646645558,198503.539497827,524957.454582458
SUBJ189,right,2.44709979651276,92365.2798635162,34973.9848383175,79734.7670944784,36756.2514999454,96396.6425369942,83674.217628175,37337.5093062921,39119.77596792,885279.975881113,692810.733647747,192469.242233366,530091.693308655
SUBJ191,left,2.49012349918929,111260.185937667,40961.1540711467,94417.6386761067,42402.5501873855,115284.314559368,98375.1591866793,43565.7857207895,45007.1818370282,1084091.39059518,843351.745803095,240739.644792084,629134.839637396
SUBJ191,right,2.48343509424655,111040.82027811,41030.4527864163,94738.4387262151,42222.0608661352,115168.529265127,98838.0085329664,43498.0587381751,44689.6668178941,1097030.0039603,862130.603248465,234899.400711837,637092.144679028
SUBJ192,left,2.40904932021946,108602.029132674,40080.5392005192,92508.6375753437,41527.4637039484,112878.556394276,96746.4395653789,42895.9284541065,44342.8529575357,1081155.96844067,844194.694797811,236961.273642859,613784.643265121
SUBJ192,right,2.4297300018244,109769.627110969,39863.3021630069,93390.2695881715,41089.6953358877,114112.685921557,97668.2688912036,42647.1055496612,43873.498722542,1058922.59590987,820193.121043104,238729.474866765,615534.958426348
SUBJ194,left,2.44771479284224,83825.568774107,33661.5919945382,71649.7617824692,34818.0355055193,87367.3953478378,75091.7295291294,35697.2016414262,36853.6451524073,876221.56994779,698827.93258092,177393.63736687,483354.178908486
SUBJ194,right,2.41340034820404,85101.7231477077,33607.901685165,73233.2445408452,34810.4825484871,88532.1092526104,76607.4854519793,35587.4850928932,36790.0659562154,845716.031928955,678551.546341616,167164.485587339,481770.91213276
SUBJ197,left,2.56123164692664,88776.3272313594,34797.6267408128,73835.9340005425,36156.3829098872,92494.754700943,77480.247720031,36981.9146422423,38340.6708113167,820022.266815878,613655.121278979,206367.145536899,485070.893740074
SUBJ197,right,2.55559759128675,88174.2650766955,34673.9976922692,73845.3030097124,35792.5610660729,91831.0654361227,77435.1821891154,36781.1220926097,37899.6854664134,814915.362000469,614504.542803333,200410.819197136,492321.744460477
SUBJ198,left,2.33031962103621,92005.8045699932,37613.6766967903,79367.7475141621,38335.905931367,95960.2054592302,83229.5547026104,40288.3126329962,41010.5418675729,879430.368556372,698779.280436363,180651.08812001,534999.313533474
SUBJ198,right,2.43384546024976,96629.6367664314,39926.3683536587,83449.8297065552,38960.6716600262,100701.57534029,87427.2999801544,42475.5314779159,41509.8347842834,912734.344828059,714734.38107269,197999.96375537,555418.979400691
SUBJ200,left,2.51476840471517,110265.682464877,41856.7548105484,93010.2954557573,43138.5019465248,115001.700332291,97682.5887096938,45058.9606457251,46340.7077817015,1233510.2513963,981809.150908817,251701.10048748,674465.682684793
SUBJ200,right,2.51837565501723,107172.036077335,40553.4184706471,91970.7127115214,41775.6925736094,111789.102933277,96622.3417828867,43649.5715863238,44871.8456892861,1172887.15901347,945169.063497905,227718.095515563,654659.764110449
SUBJ201,left,2.40173994414054,99522.35785893,40493.6756108786,85326.4832952476,40413.8065760397,103512.87480374,89247.7435907588,42983.4802158026,42903.6111809637,1090032.85829686,887856.133448472,202176.724848392,622480.457204549
SUBJ201,right,2.42211124581672,99811.5540336669,39906.387912133,85151.7833379802,40351.9767050036,103741.879281239,89011.6403627632,42334.8832410805,42780.4720339511,1088560.52282802,874882.126167661,213678.396660355,622233.127634006
SUBJ202,left,2.68792680951478,92997.7773699105,36885.7609692453,77208.9316667628,38707.0279140266,97102.7621042267,81305.4381217549,39619.833403599,41441.1003483803,1028009.76127775,803774.575224635,224235.186053115,575948.623563269
SUBJ202,right,2.64973992983275,93483.7444926953,37241.9910374535,77882.9397592454,38931.936326029,97790.5726120194,82126.0360275323,39859.070024956,41549.0153135315,1039598.54062666,813598.176797003,226000.36382966,590378.682561315
SUBJ203,left,2.50664438639287,99010.3100815534,38184.072138761,81001.0286163512,39337.5388205389,103064.173709727,85030.4214145085,40953.9072841031,42107.373965881,953654.369488524,714345.911757523,239308.457731001,563641.730564648
SUBJ203,right,2.5228024797027,99122.2841368189,38066.178410529,81215.2098116446,38845.0669804058,103121.335738071,85144.0903741535,40744.4383530561,41523.3269229328,948351.775421718,708707.202667976,239644.572753742,564499.34346665
SUBJ205,left,2.43171500678233,114607.160693494,44942.1847714848,96420.3489633735,45591.5493391869,119384.852654602,101151.185353915,48090.7280668448,48740.0926345469,1284330.66817887,1017388.44853312,266942.219645751,720533.837864406
SUBJ205,right,2.49443630087801,115140.476437887,45398.3071410442,96438.0044531323,45031.0842560572,120346.999651124,101428.859503106,48487.1752744475,48119.9523894605,1278435.04929298,1017686.94840605,260748.100886927,707775.572114636
SUBJ206,left,2.32931750041662,91623.3991964145,35855.4019575336,79462.5811120958,36578.8626078137,95642.2437497974,83455.7160702876,38555.1643181036,39278.6249683837,959208.272980321,780084.959969901,179123.31301042,534306.818655305
SUBJ206,right,2.36111336120124,91591.6860677401,35130.5276358239,79818.4005082621,36308.9033247785,95870.8591561104,83993.2355592817,37778.322656671,38956.6983456256,946205.369248779,762454.939564146,183750.429684633,531223.05931708
SUBJ208,left,2.550303063739,89747.4502594753,38413.6402123815,76177.8368898972,38744.7999980588,93680.9964044048,80092.5962708213,41028.9255506963,41360.0853363735,1004535.23053064,794862.882442298,209672.348088341,566802.266897707
SUBJ208,right,2.57945215297356,88724.3399511891,37132.7728379051,75086.7536326208,37760.9115655817,92582.5448019205,78859.5069696444,39620.7278314363,40248.866559113,989340.430546805,780612.443126538,208727.987420267,548118.791302436
SUBJ209,left,2.48158246816879,98389.3309552637,40015.2042998856,82277.2790186224,41143.4940985026,102799.098688253,86721.2262678948,43139.8409974013,44268.1307960182,956715.073979907,738694.758370781,218020.315609126,583075.699754047
SUBJ209,right,2.3794118461919,96347.4523708727,38544.4811538963,83591.9866080095,39217.0105870237,101130.518417622,88273.3210692495,41604.2560131412,42276.7854462686,926842.04667972,731303.386128938,195538.660550782,564216.781097851
SUBJ211,left,2.36038904916269,87373.8653142132,37644.8222686508,75559.8210210991,38123.0176512933,91818.0412176006,79997.0693605303,40666.0786343321,41144.2740169745,921896.857039264,743959.563990359,177937.293048905,548765.238776439
SUBJ211,right,2.38933099890618,86798.41706976,36603.920069825,74785.4865703893,37654.2912834411,91216.5075129869,79171.7393999336,39440.6907978932,40491.0620115092,895505.660632888,714819.949327582,180685.711305306,536244.083390498
SUBJ212,left,2.35771127661892,107853.861600515,41409.7116514315,92144.9572494264,43139.3380900344,112211.318360224,96453.5685745771,44151.2287694882,45880.8552080911,1068730.86620118,847766.529146672,220964.337054513,621148.700223582
SUBJ212,right,2.35996297730495,109510.692574714,41653.5560609455,91791.114913774,42892.8420177487,113996.891957813,96231.098208974,44288.9712324237,45528.2571892269,1098667.06259152,851835.463237275,246831.599354244,633084.6963851
SUBJ213,left,2.5872293389646,98374.2093549787,36786.6536802497,83655.6656279963,38058.4151996086,102285.029349549,87445.3034871964,39086.042991634,40357.804510993,926724.329001215,698876.395420011,227847.933581204,541031.188789983
SUBJ213,right,2.55542290188114,99894.9564794602,37181.5294803831,85192.5621587062,38699.353589123,103419.470093535,88632.4668446953,39486.1466709206,41003.9707796606,975700.063401614,751042.647305614,224657.416095999,562405.766755427
SUBJ214,left,2.33531317311854,98205.3802398162,38212.8644841153,88382.0537363784,38804.8281566168,101879.28853496,91996.2932673823,40473.5557134559,41065.5193859574,1031889.80063719,864395.240987578,167494.559649613,577318.558774227
SUBJ214,right,2.27161280145584,94327.2920198723,37762.1810452273,85662.3153945135,38086.6448250268,98260.5404046874,89535.5699991132,40093.6757222823,40418.1395020818,986044.190577042,842222.374367077,143821.816209965,567737.860229264
SUBJ215,left,2.33653674145112,97899.6159672832,35458.5485241086,82892.514927314,36599.1959621295,101494.919620312,86400.4537374325,37864.2523730982,39004.8998111192,960673.677927102,760010.986141891,200662.691785212,515954.936707119
SUBJ215,right,2.35138445825727,97817.7293672539,35769.8530847664,83124.3722118543,36829.054858599,101508.573411278,86789.8860312548,38009.0111007063,39068.2128745389,992740.446231929,798148.264434068,194592.181797862,521248.170684588
SUBJ216,left,2.66444411520282,95637.7479652237,37611.4956863847,80538.0293172895,38802.5485690974,99687.7875169645,84520.4422626706,39963.1120535556,41154.1649362683,910826.670869763,685584.081359568,225242.589510195,555859.763386951
SUBJ216,right,2.63368612386734,95805.1152800438,37017.1000598179,80847.5833920108,37932.9421115601,99857.1623901826,84832.3097007847,39261.9252896773,40177.7673414195,923523.047246599,695539.766703229,227983.28054337,548658.669299992
SUBJ217,left,2.46127044424201,86315.7138922303,33636.9232737064,73409.2092112547,35014.1163781811,89741.4362638093,76828.5327571095,35730.2445774521,37107.4376819268,793932.825530905,611437.340447027,182495.485083878,474728.726562535
SUBJ217,right,2.49780506174223,85755.3192476653,32598.1128646714,72643.3752616885,33771.0592290019,89472.0044469845,76230.6390505229,34661.3056044543,35834.2519687849,802573.795807397,612104.171560189,190469.624247208,473003.360419179
SUBJ218,left,2.41072324115189,82754.8013234189,32886.2744349964,70238.6494101214,33489.775053326,86582.6478502028,74021.7176433398,35356.6934358175,35960.1940541471,817160.26593287,642063.754605009,175096.511327861,473734.865282882
SUBJ218,right,2.39683836079276,81410.8411447883,32826.0402032587,69407.6769990762,33925.1849465003,85207.7377618868,73175.3876381766,35139.4526822752,36238.5974255168,806906.099657423,638783.101668521,168122.997988902,480626.239964338
SUBJ219,left,2.38180588237029,107752.397018403,40508.5955448835,91396.2935183441,41680.2988340826,111829.851556143,95447.2278629688,43198.837465679,44370.540754878,1183359.72086386,959103.245118875,224256.475744987,663712.170777083
SUBJ219,right,2.42723152875341,106637.264045775,40199.5279818077,90343.0813575043,40696.1518133879,110961.34856739,94465.938989463,42847.1665489106,43343.7903804908,1185376.3285689,953778.125184841,231598.203384055,652979.716873386
SUBJ220,left,2.4144872075188,97187.1623562578,38563.6200695732,85001.5237058331,40113.7404816918,101137.494334626,88971.4278702273,40964.5487170106,42514.6691291292,1047041.65781096,848062.053871825,198979.603939138,596570.588030907
SUBJ220,right,2.44087788487985,95583.4935925249,37845.4268993533,83636.4737938176,38977.4799735402,99514.798084061,87493.8770365245,40243.3237830687,41375.3768572556,1028608.66558773,839055.020512303,189553.645075428,582285.205277743
SUBJ222,left,2.60155626894298,91444.8148237428,35968.1218050629,77052.484245485,38132.6522440958,94955.4631674588,80519.0467040563,38049.0718272901,40213.602266323,1018473.29368823,798775.249701314,219698.043986917,561355.795031828
SUBJ222,right,2.64300608183436,90682.1043499543,35950.9859232346,76656.8302028066,37397.2440646687,94259.6968005787,80157.4904757839,37958.137089962,39404.3952313961,994917.760834673,777891.91089302,217025.849941653,555660.942367813
SUBJ223,left,2.4853273451747,105081.275326607,41973.2381069491,87927.6211402265,43475.700146456,109641.929609324,92396.1655661504,44750.1878393409,46252.6498788478,1042715.33853412,801834.087870191,240881.25066393,625442.523229021
SUBJ223,right,2.49077435333441,104276.701451972,41529.6818154255,87273.769741416,42874.2568907577,109056.921621169,91877.4785855467,44221.8934965951,45566.4685719273,1043667.29116153,803767.503459279,239899.787702249,636746.903713999
SUBJ225,left,2.56314260757507,98042.0259480269,39978.9653566351,83326.3235813608,40585.423052692,102272.010701693,87490.524707332,42628.5784533002,43235.0361493571,943726.26385955,724448.975675893,219277.288183657,581335.157918855
SUBJ225,right,2.56514384865126,99741.5795631899,39492.1650775995,84493.2840697928,40410.5899120563,104016.104871325,88751.2953922467,41990.0830550021,42908.507889459,953366.976943908,733716.315899103,219650.661044805,587722.645282915
SUBJ227,left,2.53210218158648,88618.985909279,36813.5909938387,72660.4259492371,36320.7182537478,92433.5826334019,76479.9118116598,39311.7153312456,38818.8425911547,912937.823176674,707157.090605268,205780.732571406,540668.876635002
SUBJ227,right,2.46350099592526,87726.8725252841,35700.8669057738,73976.7854754093,36025.4821877913,91475.7425779028,77686.9771111515,38124.0941479054,38448.7094299229,893582.164809173,705893.396757956,187688.768051217,535455.112355582
SUBJ228,left,2.5558005421233,96216.9275755851,36366.725199418,80279.7849347489,38155.1194950683,100211.881138894,84228.9413588561,39131.5774896659,40919.9717853162,910987.463833881,682112.566640379,228874.897193502,534789.351273155
SUBJ228,right,2.57318397640545,96141.6641147321,36674.8521949039,80637.2141167136,38446.7243393602,100328.060093601,84745.710659924,39294.2669879602,41066.1391324165,931300.246146328,705108.194480388,226192.05166594,543581.046694864
SUBJ229,left,2.70894214211349,87298.9707164944,35199.4691279842,73179.9100539198,36648.0789419003,90990.5930944411,76881.6637096381,37480.459633714,38929.0694476301,838683.842780182,631652.390189303,207031.45259088,506256.56563954
SUBJ229,right,2.69445094704893,87734.865528103,34844.34011656,73115.4120030912,35778.4662075031,91540.4866631835,76814.334824259,37092.2864160947,38026.4125070377,835998.35062357,623057.618639592,212940.731983978,501141.117912213
SUBJ231,left,2.49716187687504,104831.599859762,41802.3234827453,89438.0990453243,42713.454643185,109295.634175908,93820.9725505439,44560.9012037103,45472.03236415,1145250.71964375,915841.998833531,229408.720810221,654733.505420653
SUBJ231,right,2.47961486019862,102174.666257199,40864.2393058978,88041.751497709,41535.8869655715,106814.967512274,92492.0190321368,43551.8751179093,44223.5227775829,1091310.39535264,878024.167878385,213286.227474257,638689.990922086
