0.4057939462  
0.4891608221  
0.4735311647  
0.3726910793  
0.4072943487  
0.4637552556  
0.4142678222  
0.4833746493  
0.4381395254  
0.4357034705  
0.4160244888  
0.4764044737  
0.4356241852  
0.4734313645  
0.4982784161  
0.4277609448  
0.4363427438  
0.4534210903  
0.4303497579  
0.4627367017  
0.3939995441  
0.4130668489  
0.4320121372  
0.4843701396  
0.4413200272  
0.4255987647  
0.4403862838  
0.3837645438  
0.4757084301  
0.4385073902  
0.3795752099  
0.4819472323  
0.4166144015  
0.4455172105  
0.4271207165  
0.4233131384  
0.4420237684  
0.3976957783  
0.4043112727  
0.4023282288  
0.3939666922  
0.3720497876  
0.4908558732  
0.4226381812  
0.4000063573  
0.4919301112  
0.4702324527  
0.2697708261  
0.4178567907  
0.4146801666  
0.4022738925  
0.4724433472  
0.4138154464  
0.4604747777  
0.4621555569  
0.4535886506  
0.4410064128  
0.4099719808  
0.436211121  
0.4343179589  
0.3585170964  
0.4617887203  
0.4058717302  
0.4364995357  
0.4880397999  
0.4370981558  
0.4887126732  
0.4348229089  
0.4515366262  
0.4031673221  
0.4668624629  
0.4807741615  
0.4469333839  
0.4529409045  
0.4481760936  
0.4875532583  
0.4754038712  
0.3605363805  
0.5243832465  
0.4357290917  
0.4174547535  
0.4568952109  
0.3697429838  
0.5023629055  
