0.363211646  
0.3673001336  
0.4388109314  
0.362335504  
0.4222456525  
0.4352844093  
0.3637585432  
0.4472207502  
0.4251180888  
0.4390686533  
0.3800056397  
0.4036694916  
0.4229540818  
0.4510361924  
0.4364211609  
0.4117111267  
0.4462815809  
0.4100386944  
0.4171370664  
0.396328977  
0.3994027723  
0.402804005  
0.4139882711  
0.4371030194  
0.4333157455  
0.3407232647  
0.4301216378  
0.3281218796  
0.4677670642  
0.3969508208  
0.3992369681  
0.4723963093  
0.3896509  
0.4326576574  
0.4016826087  
0.3892749984  
0.4175448833  
0.4085907263  
0.3838510408  
0.3918958666  
0.3750298558  
0.3645702468  
0.4202282316  
0.3805245167  
0.3851700244  
0.3947760869  
0.4004760232  
0.2889354648  
0.3691811832  
0.3389687818  
0.3929906007  
0.4540940696  
0.3876628413  
0.4378801583  
0.4081796452  
0.4247186137  
0.4296769791  
0.3798396266  
0.4028421638  
0.4088187416  
0.3214790251  
0.4183941573  
0.3927424988  
0.4412667775  
0.4236816257  
0.4181819969  
0.4707062144  
0.4179206017  
0.3566133531  
0.4153390122  
0.4202841525  
0.4315715659  
0.3936932424  
0.3710289293  
0.4084376064  
0.4277500802  
0.4255602544  
0.3985676076  
0.471039326  
0.4455590565  
0.3768494006  
0.4132703682  
0.3408039154  
0.4678296399  
