0.3971831542  
0.4342910879  
0.4973694239  
0.3931659582  
0.4546000254  
0.444662153  
0.3977349284  
0.4874666839  
0.4598872493  
0.4551989541  
0.4238084849  
0.4449771701  
0.4570615391  
0.5239777024  
0.4627185316  
0.4492334494  
0.4047716343  
0.4218106278  
0.4225431037  
0.4083159465  
0.4340466861  
0.4178982873  
0.4163267321  
0.4865111506  
0.4352432295  
0.4088679488  
0.4029671403  
0.3785093608  
0.517238409  
0.4321702008  
0.3589282195  
0.5004213371  
0.4082920964  
0.4364005052  
0.4037875899  
0.3894341469  
0.4753378769  
0.4301937593  
0.4273514563  
0.396247938  
0.4375725865  
0.3939945659  
0.4777331248  
0.4234045788  
0.3615735486  
0.4391574375  
0.4356453401  
0.3056067718  
0.4217769672  
0.362860773  
0.4261419688  
0.4900171846  
0.4386392075  
0.4284542616  
0.4621371053  
0.4494907278  
0.4861946341  
0.4160225199  
0.4312719026  
0.4022191492  
0.3438231155  
0.4786631339  
0.4494648706  
0.4769204562  
0.4858188734  
0.4792929448  
0.4719160464  
0.4706824968  
0.4100972576  
0.4411947371  
0.498413405  
0.516258839  
0.4344022195  
0.4349618162  
0.4809412001  
0.4583305813  
0.4360362241  
0.4198306487  
0.5030486218  
0.4981554992  
0.407308924  
0.4093504105  
0.3780420515  
0.503241522  
