SubjectID,Hemisphere,AvgCortThickness,PialArea,SmoothPialArea,WhiteArea,PialFullArea,WhiteFullArea,SmoothPialFullArea,ConvexHullFullArea,ConvexHullArea,PialFullVol,WhiteFullVol,GreymatterVol,SmoothPialFullVol
SUBJ002,left,2.33776576884758,104854.920050303,37906.9429926392,89199.2986082984,109571.088867733,93741.5112144247,40345.3536952865,42478.0169772019,40039.6062745546,492521.547190792,267946.957480035,224574.589710757,608212.282137574
SUBJ002,right,2.3292636061657,106313.788621833,38435.714016405,90230.1607116308,110857.951095297,94536.0058128002,40812.86318724,43135.1226602447,40757.9734894097,490732.777918285,264005.679071732,226727.098846553,608321.108007986
SUBJ003,left,2.39771979369961,109094.219380686,41272.2464511484,94159.7962267555,113568.230708668,98562.2013297743,44096.6519076044,46556.0703004601,43731.6648440041,554006.872830256,313417.17756438,240589.695265876,669822.80378143
SUBJ003,right,2.43287984369797,109396.242066627,41157.8504146803,94314.2145634507,114023.743142605,98868.8182539374,43896.3258085865,46105.3010263104,43366.8256324042,552687.222263029,308025.755473137,244661.466789892,668862.960211548
SUBJ005,left,2.48489129179924,97952.6630675824,37465.9855146276,83835.8990071019,101898.018757363,87713.5118276913,40002.4870771744,42708.9774583783,40172.4758958316,474288.311701039,251177.615134769,223110.69656627,565640.965242571
SUBJ005,right,2.47497131666197,96979.3663095803,37423.8561610211,83328.1811427905,100736.742567335,87091.8724444052,39823.715922297,42645.5646952216,40245.7049339457,474171.24935103,253948.247365,220223.001986031,561806.225094138
SUBJ006,left,2.41769510227878,87214.6327233791,34545.893208941,74571.1267951035,91106.5351775497,78388.5224328573,37150.2843522427,39369.2469880047,36764.855844703,411223.710308594,217139.777609458,194083.932699136,515285.679177177
SUBJ006,right,2.4272593789402,88849.3435177122,34708.7560450498,75311.1725788568,92764.0336065017,79160.1850658838,37158.0159022902,39411.6586110621,36962.3987538217,410936.769645991,213239.706179575,197697.063466416,515601.17822334
SUBJ007,left,2.51634582445783,99857.8500875586,38179.6163554448,84669.5243397768,103698.048554397,88528.5242660978,40644.8796931193,43333.4909949417,40868.2276572673,477124.982905697,246904.883895078,230220.099010618,583433.353655472
SUBJ007,right,2.53916871539203,100535.034327021,37776.9610716193,86296.3813167421,104342.930551172,89959.9580969856,40053.5953187828,42210.0117687337,39933.3775215703,482463.400941977,247038.701302852,235424.699639125,584024.485080252
SUBJ010,left,2.59995512256829,97348.7243248569,36455.3027522269,80522.9412732619,101267.295858333,84409.4620609915,38939.9245805854,41402.8280139138,38918.2061855553,462830.607432855,233339.996783861,229490.610648994,551320.081481214
SUBJ010,right,2.65499143120973,97079.2533375316,35976.5127812405,80778.3329289742,100973.039711337,84642.9813490373,38335.8212615359,40292.7253169615,37933.4168366662,468703.83857889,234463.069386655,234240.769192235,553284.008223607
SUBJ011,left,2.30112848808038,96361.3374490463,35574.7115045434,82204.6566137009,100102.134566329,85883.2835812243,38036.3768407011,40383.7934778742,37922.1281417165,434214.50476839,230318.944178419,203895.560589971,536470.682788039
SUBJ011,right,2.28746418037897,95845.1527192208,35380.727950356,81621.3116300396,99513.6466934027,85281.4910934162,37748.3685674062,39858.5003740802,37490.8597570299,424657.447386631,222887.610474025,201769.836912606,530446.513315802
SUBJ014,left,2.35465943437162,103729.182118879,39325.8993951291,87894.9809662706,107639.34075018,91772.5268617923,41809.8852675657,44246.0428849167,41762.0570124801,485565.529509838,261631.304012324,223934.225497514,607343.38768581
SUBJ014,right,2.35157294122757,104418.652523281,38586.2989362178,88176.846866136,108723.34893082,92335.46337119,40987.5804763013,43269.0494388666,40867.7678987831,480224.686259348,255378.135227918,224846.55103143,599236.270216454
SUBJ018,left,2.56853884178538,87632.3545737584,34694.5676167867,74866.71339532,91298.239131775,78502.6399406439,36960.930313455,39078.2107190596,36811.8480223914,429130.15219138,222418.890450905,206711.261740475,525149.813806018
SUBJ018,right,2.54564659001522,86618.5546072155,34356.8336459555,74237.28217917,90609.8487245345,78193.5351626308,36442.4876416386,38822.3872246472,36736.7332289641,423408.843623802,220341.806395962,203067.03722784,512693.930983665
SUBJ024,left,2.29666766038589,97086.9612487119,37558.4802435581,82862.9178440276,101808.301948666,87375.2993489689,40307.0125471157,42379.0671754239,39630.5348718663,471561.826485036,267521.119329796,204040.70715524,589893.960710731
SUBJ024,right,2.23531608316057,99333.8622453034,38070.0632626904,84358.1658790185,103794.591083042,88758.6530437407,40730.0569805327,42909.9251136349,40249.9313957926,469772.004398652,266959.927012081,202812.077386571,590458.819922798
SUBJ025,left,2.31662713683,95558.5901894734,36868.437489319,85102.5540171057,99391.9777728986,88961.833369479,39297.4697044559,42006.7819492771,39577.7497341402,468048.363076304,260883.351490447,207165.011585856,558555.208635169
SUBJ025,right,2.27015559497484,93349.1052400372,35925.3559782121,82593.9489538074,97262.3607058808,86414.8198720278,38372.4960295112,40865.0815090031,38417.941457704,450321.820661565,252580.005212868,197741.815448697,545269.092767991
SUBJ027,left,2.61564830863773,90037.2564163867,35399.9428372657,75740.4350661436,94261.648153924,79922.0815999089,37966.2837926881,40480.7805981302,37914.4396427078,437381.501670197,222351.865899625,215029.635770572,523771.890101057
SUBJ027,right,2.60831089508631,90411.3688910532,34944.5989016401,76429.5603253098,94532.9998591007,80430.4144378941,37347.70219738,39560.5033559345,37157.4000601946,437934.234840243,221964.462388754,215969.772451489,516894.758479398
SUBJ030,left,2.4530729751035,83734.6393655861,32361.4710309232,69502.2386072772,87382.84468422,73087.4247529831,34832.8716665227,37297.2332482838,34825.8326126843,369298.784506746,182604.73058052,186694.053926226,462787.645015207
SUBJ030,right,2.41318254219031,84049.4298265387,32320.531255286,70060.5681781905,87678.1947781354,73638.1396947898,34653.1435817635,36668.4613046652,34335.8489781877,368555.405512951,183833.077507117,184722.328005834,465988.932499418
SUBJ035,left,2.28820659864934,110801.399678198,42031.6948438233,98433.8203549947,116119.230010499,103717.972662441,45521.2221059239,48512.9668428567,45023.4395807561,538830.547009338,302130.777107756,236699.769901582,671591.58222076
SUBJ035,right,2.35905894205483,111168.319384206,42990.9416423795,97196.602658776,116293.629681818,102276.053107767,46368.8157112177,49076.5533839624,45698.6793151241,553815.375729542,310868.759766604,242946.615962939,693076.624265897
SUBJ039,left,2.35804877421965,98024.6557759581,36300.4428598948,83195.2155677154,101768.61233103,86943.9446179363,38848.4569133729,41283.2940224345,38735.2799689565,438606.43238424,227157.486393951,211448.945990289,545598.258329084
SUBJ039,right,2.44048153709473,98136.5176440381,36482.4305770327,83170.9544312559,101993.416020874,87065.2674893155,38977.085108204,41485.935571775,38991.2810406037,451012.082464271,231740.794992371,219271.2874719,552074.389393311
SUBJ046,left,2.48902098374264,85966.7642710774,32585.4951530055,73710.3134181918,89445.3097116837,77163.3449204843,34867.228250714,37091.9437900312,34810.2106923227,407872.976007827,212068.594305619,195804.381702208,481059.946086192
SUBJ046,right,2.55510519601681,85762.1140887333,32900.6690383586,72860.0430639108,89566.3441098884,76538.0251639385,35140.2926308974,37440.3165853289,35200.69299279,412615.24458986,212396.680101002,200218.564488857,484464.330120489
SUBJ048,left,2.34338131487772,110370.079268657,40121.2338571218,92595.2064203893,114944.272311387,97081.8884704641,43105.3214013897,45746.9232686755,42762.8357244076,539314.537411377,304502.838040337,234811.69937104,648048.236786626
SUBJ048,right,2.37418657324723,109339.374529165,39498.398134866,92710.1940689347,114161.729847054,97446.1058217996,42343.5102214507,44504.4261373712,41659.3140507865,538717.396299017,302348.753525036,236368.642773981,639656.795152668
SUBJ051,left,2.58576167224833,97532.7775534186,38114.6962328245,80546.1300596319,102041.497170899,84943.2297272443,41001.4144212797,43807.0876686547,40920.3694801995,488406.37409353,260079.899068363,228326.475025167,591857.360782689
SUBJ051,right,2.58381484625765,97070.194879036,37648.2429628891,80884.6567458855,101448.537541721,85204.4787654629,40305.1853201553,42793.6899819225,40136.7476246563,477800.101027859,249342.733665766,228457.367362094,574513.419011577
SUBJ053,left,2.49093139243307,109255.097402833,40971.0625870959,94119.7338952307,113685.014708299,98560.8717619675,43803.5374636501,46236.4602310566,43403.9853545024,552133.652190548,301358.449068656,250775.203121892,659148.006320402
SUBJ053,right,2.52004215367595,108803.234282632,41239.5030787519,93820.0218580485,113624.120260417,98467.9101867129,43985.7902677806,46620.7886749726,43874.5014859439,547513.346888034,294932.223745105,252581.123142929,655636.740025751
SUBJ055,left,2.45752194201285,94309.2713956172,35957.5722196477,81152.5563228579,98135.4081946476,84956.8993055672,38436.4881761207,40842.5424676714,38363.6265111984,440882.665225479,226547.645326521,214335.019898958,531134.696874863
SUBJ055,right,2.42894221731058,90041.0369583981,34508.979743164,76537.8332852179,93802.1756180315,80301.8605163262,37015.1230887459,39084.3712354778,36578.2278898959,415237.251204725,213797.420291414,201439.830913311,507519.356149397
SUBJ057,left,2.56580564079713,89633.1442533301,33757.4935073948,78946.6009801426,93227.8377387687,82523.4448131495,36001.9501928328,37878.7990258785,35634.3423404405,436611.561868882,222710.172328747,213901.389540135,505841.605883985
SUBJ057,right,2.5966311839021,90768.1225043678,34190.9153334768,78421.0471991798,94626.5590314579,82196.1782409024,36389.4450336386,38455.7805620384,36257.2508618766,438260.357995084,221121.312110915,217139.045884169,508376.967428946
SUBJ065,left,2.24707801792966,97087.2690952916,37070.7580370537,84602.2243130786,101866.989732007,89333.268106289,40172.9148087462,42708.8999078492,39606.7431361566,456803.663655159,254020.153680305,202783.509974854,578367.622274061
SUBJ065,right,2.27291555671276,95924.2984920699,37452.0479660089,85104.9451187838,100568.316482327,89636.8124563424,40338.9451006388,42778.6742092437,39891.7770746138,465902.149949661,262029.937341587,203872.212608075,580550.672845638
SUBJ067,left,2.6002928887368,85472.9621665428,34079.0381908789,72484.0787324265,89494.7425813982,76377.9601780788,36514.3383691848,38760.7199055433,36325.4197272375,422002.902558273,219607.505088685,202395.397469588,495751.011846994
SUBJ067,right,2.55007823406217,85294.9317204708,33300.5022645223,71479.0921035988,89258.4949435236,75373.0890575507,35762.1732740579,37980.2905308674,35518.6195213318,409202.590934888,211727.043575719,197475.547359169,482122.776842406
SUBJ070,left,2.35920544912869,79626.1759291352,32894.8219716174,70487.5546067046,83399.8197844934,74217.9096492624,35219.0537801309,37447.6297958034,35123.3979872899,373454.884900383,198045.224285976,175409.660614407,474686.396220792
SUBJ070,right,2.38602654875637,79409.7459252031,32610.2317844383,69576.0117511088,82904.5543513392,73046.4254796622,34803.6828720171,36974.1065331251,34780.6554455463,368745.942440124,192244.935963701,176501.006476423,466254.345656674
SUBJ071,left,2.51129149687414,91072.2552661787,35169.6964915383,76044.8535463904,95506.0939348339,80407.7002139901,37843.1606002123,40005.1005575778,37331.6364489038,453349.628275281,246021.510319022,207328.117956259,542301.605625449
SUBJ071,right,2.51422739165721,92525.430478541,35446.1791148385,77952.5011864142,97145.8352583674,82482.2063608904,37876.6280840665,40166.3000537873,37735.8510845593,457784.919948329,246177.528603231,211607.391345098,544367.340599162
SUBJ073,left,2.62069845950708,115420.504152936,41360.3898242162,97620.7161616399,119800.403729112,101952.65003662,44074.9421975628,47008.5466209641,44293.9942476175,565808.891491491,289459.670520969,276349.220970522,661606.027066776
SUBJ073,right,2.59348789770488,116888.878790167,41252.315728434,98590.6983703834,121528.738215153,103011.109515279,43789.0954811573,46219.3671679346,43682.5874152113,561787.220504099,284504.53945965,277282.681044449,659211.274021596
SUBJ074,left,2.43096314914797,101515.751472516,38642.640638876,86739.5445444645,105878.289671226,91044.4846524501,41305.6424561448,43729.5735125975,41066.5716953287,501713.715894369,275152.665933351,226561.049961018,609493.647276428
SUBJ074,right,2.40563766411011,101920.053637498,39019.335155552,88257.6007581584,106156.445704138,92391.5793938002,41628.1340825219,44022.4307861058,41413.6318591359,511403.832950306,285161.595078268,226242.237872038,620738.394482524
SUBJ075,left,2.50877181289728,99721.796562461,37944.7376851265,83790.0484499704,104342.833711517,88378.4695191629,40832.5943747869,42929.937198222,40042.0805085616,487586.695494627,258634.275213405,228952.420281222,598086.532210489
SUBJ075,right,2.50101098050595,99375.8794152974,37470.9376730262,83331.8295493073,103827.12304538,87738.2537347983,40291.3247280197,42370.722327998,39550.3352730045,489404.396317847,262276.818464524,227127.577853323,591764.848537455
SUBJ076,left,2.32149661997731,107915.925750454,40622.060914534,91398.4096381028,112689.793275169,96098.0206746792,43877.1580151242,46311.872440448,43056.7753398579,515637.11406695,286066.052872144,229571.061194806,663270.936701176
SUBJ076,right,2.28570195785192,107490.941211736,40848.6306672258,89939.2878248352,112230.806552578,94704.4313504394,43861.2178560301,46481.7711950439,43469.1840062395,508562.312517245,283913.782045097,224648.530472149,658486.653156196
SUBJ079,left,2.50758654783497,98651.7467852782,37527.7346355803,83968.0259365682,103373.296085089,88627.6038381216,40542.0995189349,42531.2450564493,39516.8801730947,499800.909225557,273616.535324293,226184.373901265,589125.805892
SUBJ079,right,2.54071419425753,98434.2900099442,36225.2945198982,82826.7408196336,103890.858714528,88067.3082887009,39351.0135500636,40778.3848987271,37652.6658685618,490680.981664547,262741.268518954,227939.713145593,572710.029240249
SUBJ080,left,2.66470138583209,94581.7301498078,36229.0297969721,78670.8535152044,98681.0137383741,82687.1867670338,38798.5293346474,41393.6871286691,38824.1875909938,465892.759775242,237286.167827557,228606.591947685,540220.306378984
SUBJ080,right,2.66897757644057,92727.1081772408,35675.5822370355,77475.1712185279,96807.2037003752,81461.5862759613,38128.4090407607,40186.5401690445,37733.7133653193,459653.713428937,234676.469160216,224977.244268721,534724.487549513
SUBJ081,left,2.48910126920208,84201.7054344123,32103.8286832208,70938.9487651582,88121.0103817998,74809.6972673974,34770.1935367633,36918.6633689098,34252.2985153672,392119.47425565,200989.917937572,191129.556318078,469100.751603257
SUBJ081,right,2.48123649694531,84143.3606603374,32656.1226230223,71485.6187478038,88213.0155677053,75511.7629763856,35150.8149507223,37318.8567461655,34824.1644184654,394190.345569434,203013.937565876,191176.408003557,471570.96016977
SUBJ082,left,2.5864724330499,107470.44500552,41118.4976487025,90672.9177455474,111778.236726495,94905.2518463785,43499.5362762413,46140.4403375114,43759.4017099727,540834.063094678,286720.072713433,254113.990381245,639943.621999023
SUBJ082,right,2.59328700085393,107179.530204165,40403.4015536532,90899.0619828673,111694.83824225,95226.9420346693,42795.9469861613,44862.4272427142,42469.8818102061,539249.54525186,284741.127599807,254508.417652053,637773.56909506
SUBJ083,left,2.57976628833006,103475.235933354,38080.1318591435,88483.7030025297,107764.447691222,92672.669444575,40572.3438296257,42570.2022461118,40077.9902756296,518419.136183531,273469.860064847,244949.276118685,593585.75796067
SUBJ083,right,2.5817549886859,104662.221700619,38500.4482300405,89515.1166331341,109065.841047973,93832.8960061782,40918.2488396039,43269.1590651999,40851.3584556365,524821.137838016,277487.43251661,247333.705321405,599680.005629255
SUBJ086,left,2.53362269458501,89718.7607286933,34205.5944100684,77430.989528864,93567.5663861855,81228.6622410753,36504.9599990542,38669.6631602722,36370.2975712865,439124.720082014,229419.213005806,209705.507076208,511931.123030972
SUBJ086,right,2.5464031045553,89038.8929859684,34517.2347942247,77312.3760645438,92888.5039712639,81071.4170448241,36743.6653249952,39050.8428359406,36824.41230517,436135.403543658,226506.152968644,209629.250575014,510706.064693412
SUBJ090,left,2.51816914971788,91053.8833161646,35619.6913125259,77625.7127264254,94896.8517053855,81442.6569132663,37973.7952784823,40143.5622438894,37789.458277933,433702.579573969,222734.552719321,210968.026854648,528024.621328742
SUBJ090,right,2.50733612994673,92469.5411938793,35833.1274722033,77421.7885108415,96480.9979286446,81307.4180242696,38162.1513128987,40516.7078929995,38187.6840523041,429885.292470928,218209.674089347,211675.618381581,527572.504371849
SUBJ091,left,2.38043922908147,92459.5366972314,35066.3011356812,81488.5259773665,96257.1616880516,85229.3213806838,37593.5505865584,40034.8921927614,37507.6427418842,437617.628051952,233080.8505325,204536.777519452,522552.577016154
SUBJ091,right,2.37730755085665,91638.9851716014,34562.357316944,80246.9316812053,95494.7019751388,84019.3022312491,37006.3725516048,39452.4700868526,37008.4548521918,423247.856404462,221404.927793204,201842.928611258,505938.023048124
SUBJ092,left,2.51270306878906,95730.0292664156,36547.0108700551,79706.636040657,100005.286726257,83884.7881964327,39222.5805309907,41333.5828006883,38658.0131397526,465601.76332181,246645.952557475,218955.810764335,571730.258614382
SUBJ092,right,2.48166130255364,94548.7344174472,36029.5993458899,79309.291438726,98942.580182121,83563.7301597843,38455.6121633305,40494.8298413284,38068.8170238879,455866.431805487,241886.551561844,213979.880243643,562454.312689725
SUBJ093,left,2.48903251431061,113758.80244091,41480.4896021656,98758.9339180391,117625.176671815,102500.89282204,43800.2649126669,46321.5077371808,44001.7324266795,554720.882739411,293341.371128614,261379.511610797,684891.762314095
SUBJ093,right,2.48038426881451,112089.919850957,40457.4715557484,97044.973832874,116354.301543696,101099.012182629,42774.345947707,44675.0322900156,42358.157898057,541784.377139153,285510.248213932,256274.128925222,668589.910272125
SUBJ094,left,2.53806085056445,102825.247711091,37535.5545457438,89758.2733264799,106828.676733306,93631.2422926023,39857.5154517334,41897.0298064408,39575.0689004513,500041.5966177,258426.13302772,241615.46358998,579264.464434519
SUBJ094,right,2.51252861350219,105361.196695775,38004.6096228913,91387.0939579393,109493.654324458,95358.5331209793,40239.4461744428,42482.1215476278,40247.2849960763,505746.997670755,261763.689636985,243983.30803377,589490.993484268
SUBJ095,left,2.38404472444472,89362.5223896132,35353.0337406032,79000.0540251188,93748.7959083808,83324.7522786558,38475.2631363159,40740.0640450812,37617.8346493685,448309.223247815,249590.393901691,198718.829346123,544165.45560903
SUBJ095,right,2.42599298891044,89651.2043785475,36390.3334107807,78162.6638808082,94206.7165615302,82774.6183776698,39455.807974452,42372.5786335112,39307.1040698399,450604.357778463,248564.917615142,202039.440163321,546483.837281289
SUBJ096,left,2.69100993269074,98082.8284897774,36218.2284872965,82428.096567741,102037.718915562,86341.5525382207,38737.2136037012,40840.6974323564,38321.7123159517,480533.391144927,240372.701686199,240160.689458727,549181.503710725
SUBJ096,right,2.68495379850085,98233.6316877469,36806.5279442879,82530.1784506388,102194.551132756,86461.7578187759,39334.4658000652,41735.5067646195,39207.5689088422,481649.515939711,241068.55885452,240580.957085191,556516.244461615
SUBJ097,left,2.44991034303089,79349.1157614665,30920.4106998881,67371.7249165537,82671.46996011,70618.8824399811,32978.7527160633,34946.5801692339,32888.2381530587,368704.239317123,190690.564086376,178013.675230747,439097.308694877
SUBJ097,right,2.43603271774598,80635.759148514,31508.7277253519,69387.9230848071,83965.6101302579,72693.8879252388,33579.9062807991,35528.9460597199,33457.7675042727,373275.409909421,192347.042614626,180928.367294795,446802.251647362
SUBJ099,left,2.51804235399223,94935.5963238631,36527.8647766694,80187.1661722888,99016.0515470424,84194.6008769572,39164.2633331695,41643.4847808607,39007.0862243607,468959.591300671,250127.014813545,218832.576487126,553164.640245958
SUBJ099,right,2.54732069513008,94961.7294818493,36005.7065941409,79673.4809522639,99185.1419978832,83723.9052955002,38542.2386669447,40682.8098005628,38146.2777277589,464468.91502523,243766.001380613,220702.913644616,548958.527103313
SUBJ100,left,2.51828918112638,92332.0713886715,34478.4570955247,77097.1580709338,95849.3412845394,80633.0151035205,36535.2103702545,39150.1561329837,37093.4028582538,406288.493140977,194148.854766806,212139.638374171,500771.728436302
SUBJ100,right,2.52049167269373,91187.3119043482,33463.4857962462,75876.8086023013,94645.0038461658,79268.0061697528,35462.1475078898,37519.5413684031,35520.8796567595,400432.452844666,190447.948417484,209984.504427182,491017.139596911
SUBJ101,left,2.50687051043149,101190.105414451,38897.3555203683,89407.3475510661,105579.736009439,93720.9546740893,41753.410413608,44151.7382706178,41295.6833773781,515321.966885634,278658.054435174,236663.91245046,610467.009493594
SUBJ101,right,2.43932673821482,100931.675139148,39137.5916328966,90312.6855824425,105359.560179785,94612.8592584135,41840.772717079,44484.4707729611,41781.2896887787,512805.016948566,282480.191307314,230324.825641252,606606.167387761
SUBJ103,left,2.6650096378738,94662.8259151381,35398.9266023066,80813.9032875905,98300.8690847531,84380.9628057048,37445.1777427147,39366.3458561078,37320.0947156997,462408.076192975,230707.782942185,231700.29325079,540571.327782611
SUBJ103,right,2.65780497175711,94081.2024065947,35113.2505029773,80110.7078280595,97814.3432002178,83734.1577863105,37097.627273082,38996.4585118641,37012.0817417594,460925.869062365,231519.34149823,229406.527564136,539697.782101689
SUBJ104,left,2.47118739792204,88844.808875925,34306.9244551476,76094.1049023683,92617.2282719637,79796.316548178,36684.2069611708,38717.3445237583,36340.0620177351,430908.608463435,228918.434430638,201990.174032798,514526.707232462
SUBJ104,right,2.38823624521087,88724.213566322,34762.9381075294,76792.141352888,92478.0269708734,80511.4212754399,37072.7180246267,39500.0626090479,37190.2826919505,434029.708138285,238198.749658447,195830.958479838,520039.090709622
SUBJ105,left,2.54562113804696,95563.5028555757,37680.4140170566,80691.9739521565,99981.7944402568,85059.8078745391,40567.8101491773,42809.5906357117,39922.194503591,470961.630844334,248213.508062203,222748.122782131,586189.222640996
SUBJ105,right,2.53867546630848,96986.4491440628,37852.4167535694,80873.3224123547,101604.657023083,85399.492698778,40614.7409383117,43235.5651259964,40473.2409412541,465495.187384365,241346.109930044,224149.077454321,575848.705338314
SUBJ106,left,2.55479921579627,91947.7824402663,34146.5761360806,76728.0690427994,95572.0516612363,80326.4458922765,36440.903904222,38715.605821859,36421.2780537176,426290.229576294,212683.432750168,213606.796826125,511702.442493397
SUBJ106,right,2.48628671601784,88718.5143556369,33203.7342576891,74871.9737408865,92397.5806932002,78488.3233928356,35403.8582470991,37413.9022627006,35213.7782732906,407709.868116422,206051.508002504,201658.360113917,489964.534419493
SUBJ108,left,2.53767798439517,105865.86207292,39678.4189806552,91998.1230471852,110095.872392866,96258.739244118,42536.8444875929,44836.4725475649,41978.0470406271,526148.947396169,278147.967838644,248000.979557525,622720.609335337
SUBJ108,right,2.48900692604681,104226.809781708,39416.3140170596,90514.3010711314,108599.97283378,94760.4245803179,42090.271213848,44595.2557636621,41921.2985668737,503900.671236815,264239.998730492,239660.672506323,606434.919762986
SUBJ109,left,2.53888616270333,98394.8980434591,37239.6638933125,84292.1076489203,102697.587156843,88559.6226046203,39829.2444118684,41803.2436491513,39213.6631305954,489419.017127053,258977.938771692,230441.078355361,589440.067811177
SUBJ109,right,2.56076484842344,98544.1868058957,38309.4001525659,83854.196752211,102760.2110883,88012.445701509,40903.6695998722,43363.5054829381,40769.2360356318,493363.222594448,261884.814388996,231478.408205451,595753.61937
SUBJ110,left,2.36646709090201,97232.6957226497,35116.1835491533,83718.155292299,101344.637183889,87766.1182823294,37773.1070451215,39785.3608783744,37128.4373824063,442372.166719864,230342.53243994,212029.634279924,542887.617434828
SUBJ110,right,2.37363678834406,97098.8634065561,35189.5319352461,83693.9799050163,101233.184182773,87691.0629888277,37714.6413215714,39512.2009176492,36987.0915313239,443604.923223915,230807.29168008,212797.631543835,541831.149555392
SUBJ111,left,2.48089354899543,93968.7065415579,37268.6988201302,78874.6176840719,97966.3530639293,82850.0140460787,39797.6960004346,42628.219117106,40099.2219368016,456162.703798501,243910.466943399,212252.236855101,567336.016541054
SUBJ111,right,2.48755050479854,93660.1132986031,37126.7072341809,78664.6256060005,97692.6182072832,82583.7188528262,39616.6087372201,41966.8653606619,39476.9638576228,452780.159288054,240367.105693218,212413.053594836,564291.000591399
SUBJ112,left,2.39822154146651,95097.1113381571,36552.4499291527,79361.2826404737,99464.7792611747,83669.1949268838,39376.8757677661,41731.345191013,38906.9193523996,463672.860217888,256529.80367876,207143.056539128,571668.63980885
SUBJ112,right,2.42013775355507,93317.5457774061,35998.8489664936,78107.8965693076,97609.1375990354,82395.6734150234,38728.2436864435,40863.9899157839,38134.595195834,450348.391560067,244802.158692567,205546.2328675,559380.894547235
SUBJ113,left,2.75983824122132,103244.040437693,39013.8660934913,85795.5369866186,107204.830818874,89683.5479865795,41403.6441575874,43860.5509562274,41470.7728921313,523335.409219287,264222.818277779,259112.590941507,600388.229323578
SUBJ113,right,2.76125733617273,103709.130313058,38493.6778146905,86474.0436681064,107756.277296516,90421.4273132299,40816.6991515191,42817.6158844088,40494.5945475803,521249.722915287,260216.093106832,261033.629808455,602216.375495587
SUBJ115,left,2.46530873952205,96213.0233377605,37090.1380136691,79100.0676029632,100013.262151338,82827.8886701536,39520.156157667,41777.0973506846,39347.0792066867,458462.196222508,243576.872719173,214885.323503336,570343.83309863
SUBJ115,right,2.43072937675741,94592.1720160985,36309.1771670743,78483.4038024747,98599.9195321815,82452.8916888054,38728.6717648392,40762.6374595786,38343.1428618136,447798.422946175,238641.048491886,209157.374454289,553845.971495021
SUBJ118,left,2.5678849486377,117896.976942775,42178.9410011581,99802.7478540751,122324.219611742,104244.971687755,44909.9005940263,47594.1484579704,44863.1888651022,581031.23104825,304242.787374436,276788.443673815,680811.976221477
SUBJ118,right,2.55928701506574,120046.295648701,41861.5967907888,101418.858181667,124842.747513663,106086.20389288,44579.7339829262,47249.0633969595,44530.9262048221,585208.257455212,304991.473128875,280216.784326336,681554.038279963
SUBJ119,left,2.52564120389637,106996.157349581,38933.3743883315,93313.9915746964,111292.236820926,97489.6562523036,41529.9579052887,43911.7594346966,41315.1759177393,529023.188472051,279156.364069466,249866.824402585,614781.237523446
SUBJ119,right,2.52946217132487,106624.076358396,38668.6579203316,92206.4217864328,111161.348874841,96565.8824975555,41289.1017642271,43472.572387048,40852.1285431525,523743.268294279,275436.162128864,248307.106165415,613750.180347259
SUBJ120,left,2.4356085042219,97322.5276217688,37319.5285442524,84264.0421701553,101305.178376641,88153.3574946144,39740.3905747302,42207.0225235927,39786.160493115,468849.336164568,249454.125595632,219395.210568936,571710.469868853
SUBJ120,right,2.44633918658155,96974.0127729073,36652.2295925459,83744.5823752919,101267.28937329,87816.6232852157,38955.6892555738,41120.230485769,38816.7708227411,466660.840999743,247625.036224634,219035.804775109,566142.116962798
SUBJ121,left,2.49462796658322,108043.893843452,40555.7051044743,93940.4109985225,112407.173505904,98192.4700740049,43203.0336085014,45705.2548765644,43057.9263725373,539061.427373029,289400.746030979,249660.68134205,639512.859627855
SUBJ121,right,2.4968278386281,109012.34811559,40449.6308042104,94862.8775720148,113312.260993779,99056.1864138733,43016.8094757613,44868.7778509207,42301.5991793697,542961.217094219,290760.522005597,252200.695088622,650876.619912958
SUBJ123,left,2.38642194873685,105018.711782587,40330.755405816,90518.8835583358,109423.824360716,94787.4616593147,42949.8249473931,45566.4845863959,42947.4150448188,516273.813692817,284774.886239332,231498.927453485,637019.911866269
SUBJ123,right,2.38429577082186,107119.503615242,40740.7709400452,91769.4429389766,111390.617029844,95903.9185973894,43300.8203314814,46096.7573014056,43536.7079099694,510326.672706589,275641.980930668,234684.691775921,633822.514003511
SUBJ124,left,2.43113478491394,89660.5413254669,34503.9037885319,76776.2668120498,93239.3118644247,80285.7666156417,36711.0422072078,38812.4065776437,36605.2681589678,426163.557481723,226723.499456313,199440.05802541,514104.906608603
SUBJ124,right,2.41677842643009,90666.1426531778,35081.327548076,77789.1555654277,94371.0168582799,81405.2706150919,37196.9827724248,39506.3391628642,37390.6839385153,432876.715921503,231966.410001262,200910.305920241,523042.883715476
SUBJ125,left,2.41700819760572,92163.0014990182,34374.5071032787,76991.9379563428,96111.5493767807,80877.9165028709,36725.5391292933,39039.9035788687,36688.871552854,425023.828393179,222193.253040987,202830.575352192,517792.679339175
SUBJ125,right,2.41717777541929,93196.9391505475,34019.8978234672,78538.4310317691,97068.5483213709,82326.7120144106,36185.2809038997,38075.2723400776,35909.889259645,431538.962440186,225867.114753117,205671.84768707,522229.46400493
SUBJ128,left,2.43234411920279,95462.3168054578,35675.859602668,81772.5523592928,99490.0092572168,85731.5823219759,38129.6596410486,40355.5472575674,37901.7472191867,454238.215274867,241174.355460025,213063.859814842,537811.723225835
SUBJ128,right,2.41046712128667,94498.5050881725,35410.3596990784,81631.8773089064,98495.9642072968,85472.8795659301,37750.7652384884,39854.6489110149,37514.243371605,450894.83064741,241039.114852958,209855.715794452,532229.569553112
SUBJ129,left,2.67146113574663,86429.1834112503,33975.0889428374,74099.1678576922,90386.488285315,77981.0787172874,36348.6753259228,38380.2053320945,36006.618949009,432478.061468041,219694.922005727,212783.139462314,508197.816914351
SUBJ129,right,2.64491259133249,87526.5576376275,34001.2216270985,74874.7943607512,91364.8662710066,78665.8411898492,36298.3235037012,38410.301592751,36113.1997161483,436045.925557382,222986.139602357,213059.785955025,509150.746124162
SUBJ130,left,2.52099824416103,93633.096334961,36312.2126341993,79975.8349276739,97511.9885683675,83843.392606101,38887.2982208939,41132.3036308513,38557.2180441567,467502.904376845,251298.887717261,216204.016659584,547213.989666338
SUBJ130,right,2.51394931924171,95011.8644433518,36132.8228139419,80581.3895123809,98970.4107361045,84563.1067892245,38622.1808057063,40788.1249697574,38298.766977993,471929.954500856,253887.562125686,218042.39237517,550062.151586857
SUBJ132,left,2.42142160121856,116467.314308281,43713.763450762,98687.0379521272,121416.125434405,103565.713370701,46798.4486355355,50278.589699021,47193.9045142474,571421.854578649,313433.905522388,257987.949056261,699284.694944671
SUBJ132,right,2.47767645879882,115968.407674283,42306.8930798684,99024.6134479792,120403.931575897,103357.477908573,45411.7318384501,48226.7686315673,45121.9298729856,576732.366765617,313358.338303,263374.028462617,696601.681932854
SUBJ133,left,2.3781893269265,108070.530990218,40103.2963293013,92721.8327907856,112542.288291157,97112.7229189027,43024.2360805381,45142.5345151557,42221.5947639189,534939.189790369,299475.454073228,235463.735717141,645578.17834477
SUBJ133,right,2.32929186809629,107258.970061936,40292.798073132,92802.5016573619,112037.486804874,97418.5329886787,43159.585398687,45664.7795105735,42797.9921850184,524409.855928313,294197.867922253,230211.98800606,641179.437279386
SUBJ134,left,2.4704861285858,96907.5310461677,35885.1249756813,83371.1252725852,101087.373551216,87518.5022669487,38649.2284879801,40657.3485706909,37893.2450583921,485133.737768493,264847.734632516,220286.003135977,559192.458881931
SUBJ134,right,2.51608708307915,96907.4293919357,35926.2730901628,83473.0574294286,101312.245554743,87850.0368934438,38570.5163513079,40394.70298006,37750.4597189149,490226.964669098,266053.331799922,224173.632869176,559536.235586212
SUBJ135,left,2.39016605628991,97047.4115974498,35674.2710615141,81619.639666855,101037.260075773,85550.9026588462,38176.9355474364,40164.0808308438,37661.4163449215,441517.070148943,229812.03851196,211705.031636983,541652.568614724
SUBJ135,right,2.41056668244326,97226.7619332533,35859.4465412107,81337.6335546411,101294.021753573,85404.9870064788,38255.2038104451,40534.4674149825,38138.7101457482,438476.65950942,224951.952768475,213524.706740945,538890.26344293
SUBJ136,left,2.57799247630906,80995.2728407386,32219.6379311229,65878.6567203642,85374.1443876454,70198.7109778301,34851.6903252759,37237.0401532459,34604.9877590929,385780.762123271,198415.036083769,187365.726039502,462437.920749128
SUBJ136,right,2.60438822095065,86128.5704414408,33678.5801745698,71180.7621554845,90366.0565893595,75492.892527561,36287.653333933,38638.5102225478,36029.4370631846,424653.860437813,221547.925310506,203105.935127308,505887.242326581
SUBJ137,left,2.50737381715668,92302.04995895,35329.2985309205,77959.221893087,96635.0625415105,82128.1227053245,37827.561584898,40393.4042289964,37895.1411750189,439065.455879685,228092.044066505,210973.411813181,531362.685248498
SUBJ137,right,2.50155336536746,92575.6036586657,34643.5031896729,78300.6853892237,96712.0461157813,82290.6409545161,37091.7155687167,38986.746682193,36538.5343031492,436474.102903993,225399.451552353,211074.651351641,527211.459434613
SUBJ138,left,2.67606361628321,107039.762849247,39312.4153725931,86478.1980269294,111342.07261883,90742.7345258079,42136.7991144967,44096.7203314442,41272.3365895406,537183.178786861,284212.840333529,252970.338453332,634563.760342648
SUBJ138,right,2.6575927644794,109540.626123892,40370.1844090582,88400.0393403684,114054.610276508,92878.708428468,43165.9550569199,45361.3395071042,42565.5688592425,547001.993524112,290495.782392737,256506.211131375,650067.696611738
SUBJ139,left,2.43464724191533,91110.3308394673,35175.4333256394,76780.3324738337,94980.3418933412,80627.9173202569,37718.8418409994,39870.798775321,37327.390259961,428750.613888558,226566.01222605,202184.601662509,524494.342214276
SUBJ139,right,2.45721067476361,89472.8647564471,34549.4490935347,75254.3304398969,93291.9060762638,79069.6582704908,37021.6902934611,38999.3133884641,36527.0721885377,426278.444542891,225961.005553618,200317.438989273,518776.188492421
SUBJ140,left,2.47705897319854,105686.421094571,37674.8936056124,90991.8431854871,110096.970972761,95319.5081948868,40127.5078279261,42278.5359989696,39825.9217766559,512551.785332855,272303.288675367,240248.496657489,585007.142655211
SUBJ140,right,2.51208468916239,105838.521701632,37789.9207720274,92266.3165344819,109866.2973567,96173.319841934,40074.5612526375,42139.9973175882,39855.3568369781,520510.650543753,275307.017899221,245203.632644532,590411.738973247
SUBJ141,left,2.38674049943052,117794.227213742,41848.7644503219,104536.717130424,122296.424752253,108975.92223392,44607.8162208752,47371.6989462392,44612.6471756858,564811.19120467,302373.377311714,262437.813892957,674781.847775525
SUBJ141,right,2.40702748412484,117082.448253704,41763.6678002737,104093.909226101,121679.216545123,108629.849843191,44398.9883491636,47024.4436645668,44389.1231156769,565299.534600546,302123.406952504,263176.127648042,675736.13770791
SUBJ142,left,2.45215703564792,89975.6872118334,34896.2597684244,75648.6524174892,93736.6238243076,79404.8021231565,37398.3228145086,39758.1003401962,37256.037294112,427826.351505031,226906.835607019,200919.515898012,518156.931446549
SUBJ142,right,2.47846663954103,91212.5226261049,35393.5224997554,76720.921713822,95200.480290003,80626.8543815276,37806.41596659,40246.5765074161,37833.6830405815,435526.121748075,229188.337153065,206337.78459501,521681.465302702
SUBJ143,left,2.57501013512783,106715.600525594,39934.7213602217,89422.8331190254,111015.897970846,93673.3871354276,42573.7771002011,44905.8320763212,42266.7763363418,519923.169022272,269030.043524724,250893.125497548,623667.171191981
SUBJ143,right,2.54749084090711,106831.600469931,40077.987157963,89267.1004790373,111229.819445574,93509.7197538273,42680.8908160036,45340.3147350385,42737.4110769979,514822.358809331,266196.896450197,248625.462359134,625731.280183327
SUBJ144,left,2.45803342399691,100961.823375874,36518.0281457759,85418.1881616913,105088.904882687,89444.7236863671,39020.02257532,41502.169458455,39000.1750289108,467853.171960097,241532.956235165,226320.215724931,565152.450963893
SUBJ144,right,2.49496867729556,99284.4026859911,36577.7090122811,84286.7569350804,103450.885621078,88271.8821929942,38805.8235550364,40991.0896598882,38762.9751171329,465727.179409605,240409.688389743,225317.491019862,565522.850781799
SUBJ146,left,2.46266316471141,96798.1753815337,36869.9981796634,85907.031355714,100722.708122471,89867.2819785947,39366.1294583976,41509.2942767037,39013.1629979695,497463.557048482,274963.557538795,222499.999509688,572140.835028842
SUBJ146,right,2.49832281776381,98735.9866591656,37316.4397974153,87400.0171887578,103124.453385268,91643.181912427,39700.837326238,41710.228927104,39325.8313982813,503295.200430176,273403.817242877,229891.383187299,580472.63030225
SUBJ147,left,2.53417318977439,88755.4839220997,33724.080658559,75857.607231099,92447.8802593694,79507.0208218087,36010.1435372504,38346.2892788534,36060.226400162,421409.084863042,215217.058152272,206192.02671077,492283.688538978
SUBJ147,right,2.51603129963235,89546.9519882443,33799.7102677302,76471.6241072083,93342.9976721478,80135.0117294872,35975.1247767429,37848.175379437,35672.7608704243,422818.82251139,216223.997874296,206594.824637093,498420.442910521
SUBJ148,left,2.37403212471522,92273.0157666929,33464.0230312213,80944.280326837,96127.8139503399,84687.6402174386,35654.9125225775,37662.334350433,35471.4448590769,423311.33671254,220126.811340764,203184.525371776,494320.626769472
SUBJ148,right,2.38156351307999,92125.0331031371,33578.4061261113,81072.0326913186,96012.890790941,84831.5963367628,35693.091473256,37589.1355432178,35474.4501960732,427828.508223185,224394.812728072,203433.695495112,501951.234095989
SUBJ152,left,2.44847985312938,97634.0729393266,36531.5583703165,86247.5229087887,101183.432175496,89781.9610863035,38714.5315918254,41032.2757213844,38849.3024998755,465702.2754967,243049.899983875,222652.375512824,549775.099762364
SUBJ152,right,2.47445923121641,98365.5766647546,37159.8721667741,87286.8764106901,102089.281394496,90910.884819053,39224.5705961102,41719.5956765065,39654.8972471704,468562.98858244,241357.676851305,227205.311731135,553491.093737369
SUBJ153,left,2.27342557334342,88892.2170414192,33226.3964688312,78404.0747185845,92722.3145849948,82177.2096067063,35472.4728884508,37715.6704005242,35469.5939809046,412194.779302935,224313.20388079,187881.575422145,493233.921221012
SUBJ153,right,2.28993222072503,90226.0655824006,33767.6910299457,79806.1727789808,93916.5744344264,83448.6779490568,35853.5175436563,37775.6063020697,35689.7797883592,422485.821839673,230113.063342155,192372.758497518,501233.3672133
SUBJ154,left,2.66589509549671,90719.853651437,35271.7369544709,75899.5286741934,94394.3530412463,79570.4263654752,37623.9633377316,40080.2952774711,37728.0688942104,444628.496054932,224096.569879206,220531.926175726,520229.484859318
SUBJ154,right,2.68631040566851,90567.0213608738,34778.387334814,75604.1072124662,94433.8618912915,79433.3731866994,37096.5859528763,39126.9682867112,36808.7696686489,440192.196942931,218372.955337847,221819.241605084,516442.642907348
SUBJ155,left,2.53860584508158,94639.7315016267,37161.0223235947,81692.435625662,99176.9323804886,86200.4119616001,39971.8442565554,42066.3728645419,39255.5509315813,503464.5424919,282435.043608568,221029.498883333,578068.479686072
SUBJ155,right,2.51334004254942,95689.0746255708,37158.1577311312,81401.9675639141,100082.532063962,85758.0147414656,39881.9315785489,41984.1513735321,39260.3775261144,496471.616906289,277049.861299589,219421.7556067,572688.882222791
SUBJ157,left,2.43854084840559,91036.0051400422,33905.0572021766,78190.8135078242,94568.7902090218,81695.1646197721,35995.5552982816,38307.9428695306,36217.4447734257,414975.726228247,211163.419323424,203812.306904823,495978.520254589
SUBJ157,right,2.43153080545569,91022.8363913942,33681.7043469485,77309.5780755376,94454.7724001377,80655.7240667229,35661.3383098508,37539.2261499072,35559.5921870049,407812.679907846,204842.366637314,202970.313270532,494591.144771478
SUBJ161,left,2.4134133756828,100913.45048742,38572.416247903,85243.273852718,104906.655307169,89248.9088470737,41118.0613602106,43620.6477318661,41075.0026195585,483290.919973715,260804.650697894,222486.269275821,593141.539709966
SUBJ161,right,2.39761459123614,102009.450683967,37941.6340137988,85622.8623006243,106196.617282519,89766.9146238508,40506.9600202604,42540.6647164094,39975.3387099479,479152.862722424,256807.136998685,222345.725723739,588095.537290488
SUBJ162,left,2.4791412593314,109373.722262939,39332.7130774116,92153.953451464,114256.534657681,96929.0840798573,42393.5847304524,44682.6877123689,41621.8160593282,537833.931590048,290122.240353231,247711.691236817,649140.370130573
SUBJ162,right,2.48425906495855,109782.112920898,39628.343873004,92726.2536314126,114605.588056398,97501.9722578271,42598.8591175934,44929.6463229544,41959.131078365,540167.339062562,290644.1114391,249523.227623461,647151.295273145
SUBJ163,left,2.63094221256756,99300.0178284678,39441.8802590519,84354.9038067234,103681.448725471,88682.249886969,42099.8365439443,44835.512302696,42177.5560178035,525723.477098768,286070.37805055,239653.099048218,615241.083333926
SUBJ163,right,2.66074462798278,98843.0121487687,38960.6973962459,83989.1185136065,103184.383158058,88187.7481181463,41547.3277995839,43770.1006175483,41183.4702142103,524106.345256658,283462.353600404,240643.991656254,610570.411794927
SUBJ164,left,2.45966817430445,94128.3706780687,35735.1991036522,79959.4586850963,98164.1959657807,83886.6168228225,38179.1532925928,40487.2439375612,38043.2897486205,450854.133302788,239004.365745255,211849.767557533,531802.228035749
SUBJ164,right,2.43294673709769,93680.6702827886,35228.5019969269,80724.7782392307,97557.076050327,84474.5881906908,37556.7858787732,39587.6339964658,37259.3501146195,449898.698169256,240114.392918471,209784.305250785,528262.932318587
SUBJ166,left,2.47919782355312,96839.3477469597,36434.3841804313,82076.978338478,100730.550381547,85903.0539498544,39040.6836706285,41351.8292364413,38745.5297462441,456916.645549728,236807.525614569,220109.119935159,556813.918345641
SUBJ166,right,2.45510905727814,96474.7424244021,36354.8752107915,81888.6006015364,100510.593296826,85851.1902431261,38835.3108060753,41384.2932319588,38903.857636675,450342.177806202,232736.246738777,217605.931067426,550471.745396168
SUBJ167,left,2.39313211899669,105226.0334484,38239.77387281,90666.0993482752,109787.778121637,95258.6026208902,41275.2006434148,43504.8806885339,40469.453917929,497471.738925029,265074.323703198,232397.415221831,619449.742179625
SUBJ167,right,2.42661023775211,106108.111848171,38539.1249152823,90009.2469551905,110969.911292797,94705.4841806742,41418.0333159555,43736.1202007006,40857.2118000274,491965.979954265,256216.655807001,235749.324147264,610792.92977604
SUBJ168,left,2.35752408015596,106964.448732898,38012.2703680548,94118.3509175206,110576.436422643,97715.117308494,40317.2611509918,42758.5055066478,40453.5147237108,505964.121911819,271756.519094574,234207.602817245,589951.077730425
SUBJ168,right,2.39436356843061,106364.738673969,37519.5045256604,92180.7174270753,110133.900237959,95903.4946091832,39721.795876335,41677.0993381259,39474.8079874513,497833.058121666,262278.716156632,235554.341965034,580281.393415278
SUBJ170,left,2.51306327985044,93844.0054806469,35902.4108710919,80220.4910145175,97820.3812721452,84131.3221730001,38329.163244355,40806.9930633793,38380.2406901161,443915.342361754,227261.940027068,216653.402334686,534549.692991842
SUBJ170,right,2.50537471225593,93691.8230346339,35300.2197464496,79994.9328835483,97891.9189340953,83933.5907048799,37743.2896581629,39974.8222854181,37531.7523737048,437539.297081765,221783.611937329,215755.685144437,526717.989071899
SUBJ174,left,2.45509892082089,96578.4474666106,37952.6178949731,82011.0930870609,100962.061292384,86319.5086211319,40639.6772049174,42923.059008547,40235.9996986027,485939.160274355,269771.775431007,216167.384843347,594537.521208337
SUBJ174,right,2.4349397405562,95584.0670161892,37460.6636353704,81281.5755584692,100004.834309961,85578.8904104041,40100.6612983121,42329.4870359054,39689.4893729637,474312.144968853,261153.728477924,213158.416490928,581859.417641343
SUBJ175,left,2.42719554228302,93863.8307130345,35701.457851063,82584.5289808556,98019.1187980175,86627.6073338152,38324.1886844935,40904.8069812445,38282.076147814,457433.766049295,245911.95326847,211521.812780825,537971.791447699
SUBJ175,right,2.45357444433875,93937.1904930639,35378.508317073,80424.1454755609,97897.4213043776,84325.164511245,37873.702844238,40041.4101088747,37546.2155817096,449274.010511863,237032.392543345,212241.617968518,532877.604709272
SUBJ176,left,2.46671270933223,113328.072607255,41862.9507908049,98779.4126790178,117632.422194864,103061.768002313,44505.4434141332,47107.8646866054,44465.3720632771,565836.804457046,306155.07771253,259681.726744516,674608.243683253
SUBJ176,right,2.45756099700642,112815.137265846,41348.8913734527,99449.1834526344,117600.329315414,103955.853088608,43874.4491928439,46363.5683873642,43838.0105679729,562589.012567759,303395.37198312,259193.64058464,666844.16646842
SUBJ182,left,2.56585353564123,98388.2920797137,36306.0174522351,82676.9077694858,102247.173513093,86451.4954061696,38650.7383380338,40889.614788505,38544.8939027064,450572.48555194,220209.41871135,230363.066840591,544964.620935995
SUBJ182,right,2.5675879383336,100957.618984281,37192.5585788384,85028.8181657739,104792.784635245,88740.5702398404,39318.1922569411,41819.9574190381,39694.3237409354,458862.332936477,222272.154999997,236590.17793648,552738.527367662
SUBJ183,left,2.45451995323074,98521.5583294717,37859.4175710139,86840.2240188904,102720.393377303,90935.529490729,40377.1181450839,43022.85066923,40505.1500951599,487054.089489986,262385.408514625,224668.680975361,571709.426250228
SUBJ183,right,2.4630658538147,95686.5812658008,36703.9715076609,84072.7221593494,99983.7021917786,88238.7195869681,39164.9035382571,41343.0480616965,38882.1160311003,472658.321287055,253791.630784917,218866.690502139,557424.998028071
SUBJ187,left,2.49682047686915,100699.932393713,37266.3055860704,86209.882461041,104249.290209238,89750.328008503,39448.7888541107,41937.5498911487,39755.0666231084,478586.156801947,247735.078437849,230851.078364099,574368.599128033
SUBJ187,right,2.47291495150565,101379.384333847,36746.2888254383,86416.7104589242,105428.633633524,90369.6446711124,39028.5638750135,41098.1006940529,38815.8256444777,476370.944365368,246429.643799781,229941.300565587,571640.893602842
SUBJ188,left,2.56131500580234,98668.9320089069,37478.6700509707,84274.0383919121,102778.167238554,88360.4234402751,40281.8105855453,42972.7740652881,40169.6335307136,485162.199311949,252613.098111424,232549.101200525,586349.961959557
SUBJ188,right,2.53221315858875,98585.1209982586,36539.8629361744,84107.6490443906,103114.034913725,88585.04139698,39253.5258505891,41377.0839731088,38663.4210586941,471012.79317281,241662.604121125,229350.189051684,569441.912310103
SUBJ191,left,2.49012349918929,111260.185937667,40165.0847135818,94417.6386761071,115284.314559368,98375.1591866798,42765.7809188528,45007.1818370282,42406.4856317573,536275.002571898,282672.534443416,253602.468128482,636404.772565394
SUBJ191,right,2.48343509424655,111040.82027811,39977.9097171664,94738.4387262151,115168.529265127,98838.0085329663,42400.0156899522,44689.6668178941,42267.5608451082,534813.790584297,281664.911795403,253148.878788894,636041.59000446
