SubjectID,Hemisphere,AvgCortThickness,PialArea,SmoothPialArea,WhiteArea,PialFullArea,WhiteFullArea,SmoothPialFullArea,ConvexHullFullArea,ConvexHullArea,PialFullVol,WhiteFullVol,GreymatterVol,SmoothPialFullVol
SUBJ002,left,2.33776576884758,104854.920050303,37893.4499037349,89199.2986082984,109571.088867733,93741.5112144247,40334.5143600926,42478.0169772019,40036.9525208443,492521.547190792,267946.957480035,224574.589710757,606588.841322704
SUBJ002,right,2.3292636061657,106313.788621833,38434.1631235918,90230.1607116308,110857.951095297,94536.0058128002,40796.3172730907,43135.1226602447,40772.9685107457,490732.777918285,264005.679071732,226727.098846553,606859.621555529
SUBJ003,left,2.39771979369961,109094.219380686,41264.5270186753,94159.7962267555,113568.230708668,98562.2013297743,44098.76068005,46556.0703004601,43721.8366390854,554006.872830256,313417.17756438,240589.695265876,668287.504675517
SUBJ003,right,2.43287984369797,109396.242066627,41142.1026128536,94314.2145634507,114023.743142605,98868.8182539374,43883.5481202071,46105.3010263104,43363.8555189569,552687.222263029,308025.755473137,244661.466789892,667491.421564346
SUBJ005,left,2.48489129179924,97952.6630675824,37457.0140751392,83835.8990071019,101898.018757363,87713.5118276913,39989.214794964,42708.9774583783,40176.7767385535,474288.311701039,251177.615134769,223110.69656627,564764.031200859
SUBJ005,right,2.47497131666197,96979.3663095803,37447.961273916,83328.1811427905,100736.742567335,87091.8724444052,39847.632334019,42645.5646952216,40245.8936351186,474171.24935103,253948.247365,220223.001986031,560577.716762972
SUBJ006,left,2.41769510227878,87214.6327233791,34536.1120169911,74571.1267951035,91106.5351775497,78388.5224328573,37130.5931841849,39369.2469880047,36774.7658208109,411223.710308594,217139.777609458,194083.932699136,513562.906066544
SUBJ006,right,2.4272593789402,88849.3435177122,34714.0628594959,75311.1725788568,92764.0336065017,79160.1850658838,37164.7215455679,39411.6586110621,36960.9999249901,410936.769645991,213239.706179575,197697.063466416,514962.434746122
SUBJ007,left,2.51634582445783,99857.8500875586,38179.285160012,84669.5243397768,103698.048554397,88528.5242660978,40636.4799362388,43333.4909949417,40876.2962187149,477124.982905697,246904.883895078,230220.099010618,582248.577937233
SUBJ007,right,2.53916871539203,100535.034327021,37813.9443845302,86296.3813167421,104342.930551172,89959.9580969856,40089.0489428218,42210.0117687337,39934.9072104422,482463.400941977,247038.701302852,235424.699639125,582567.631190289
SUBJ010,left,2.59995512256829,97348.7243248569,36457.5797419609,80522.9412732619,101267.295858333,84409.4620609915,38931.8945950595,41402.8280139138,38928.5131608152,462830.607432855,233339.996783861,229490.610648994,550591.263287186
SUBJ010,right,2.65499143120973,97079.2533375316,35982.1227520653,80778.3329289742,100973.039711337,84642.9813490373,38336.6223371605,40292.7253169615,37938.2257318663,468703.83857889,234463.069386655,234240.769192235,552580.642291814
SUBJ011,left,2.30112848808038,96361.3374490463,35567.4585606171,82204.6566137009,100102.134566329,85883.2835812243,38036.3034128032,40383.7934778742,37914.9486256882,434214.50476839,230318.944178419,203895.560589971,535191.318002933
SUBJ011,right,2.28746418037897,95845.1527192208,35377.1988694393,81621.3116300396,99513.6466934027,85281.4910934162,37736.5690658067,39858.5003740802,37499.1301777128,424657.447386631,222887.610474025,201769.836912606,529043.910248066
SUBJ014,left,2.35465943437162,103729.182118879,39314.1760194412,87894.9809662706,107639.34075018,91772.5268617923,41789.7028164797,44246.0428849167,41770.5160878782,485565.529509838,261631.304012324,223934.225497514,606487.556997596
SUBJ014,right,2.35157294122757,104418.652523281,38599.8650869903,88176.846866136,108723.34893082,92335.46337119,41007.3915781361,43269.0494388666,40861.5229477208,480224.686259348,255378.135227918,224846.55103143,597981.739271065
SUBJ018,left,2.56853884178538,87632.3545737584,34688.2916851927,74866.71339532,91298.239131775,78502.6399406439,36958.1440014804,39078.2107190596,36808.358402772,429130.15219138,222418.890450905,206711.261740475,524062.91842698
SUBJ018,right,2.54564659001522,86618.5546072155,34354.2120363567,74237.28217917,90609.8487245345,78193.5351626308,36439.8554801214,38822.3872246472,36736.7437808825,423408.843623802,220341.806395962,203067.03722784,512153.831899946
SUBJ024,left,2.29666766038589,97086.9612487119,37542.3984868648,82862.9178440276,101808.301948666,87375.2993489689,40311.2301720387,42379.0671754239,39610.2354902501,471561.826485036,267521.119329796,204040.70715524,587973.051993599
SUBJ024,right,2.23531608316057,99333.8622453034,38062.6851441257,84358.1658790185,103794.591083042,88758.6530437407,40724.4957279829,42909.9251136349,40248.1145297777,469772.004398652,266959.927012081,202812.077386571,588829.359423066
SUBJ025,left,2.31662713683,95558.5901894734,36859.1468230086,85102.5540171057,99391.9777728986,88961.833369479,39286.8965255008,42006.7819492771,39579.0322467848,468048.363076304,260883.351490447,207165.011585856,557389.300151432
SUBJ025,right,2.27015559497484,93349.1052400372,35922.5513275569,82593.9489538074,97262.3607058808,86414.8198720278,38364.4630672316,40865.0815090031,38423.1697693283,450321.820661565,252580.005212868,197741.815448697,543949.291622184
SUBJ027,left,2.61564830863773,90037.2564163867,35396.7348315237,75740.4350661436,94261.648153924,79922.0815999089,37961.682356873,40480.7805981302,37915.833072781,437381.501670197,222351.865899625,215029.635770572,522622.534681061
SUBJ027,right,2.60831089508631,90411.3688910532,34940.577366034,76429.5603253098,94532.9998591007,80430.4144378941,37346.4431391212,39560.5033559345,37154.6375828473,437934.234840243,221964.462388754,215969.772451489,516244.306458982
SUBJ030,left,2.4530729751035,83734.6393655861,32352.2466544191,69502.2386072772,87382.84468422,73087.4247529831,34822.237443642,37297.2332482838,34827.2424590609,369298.784506746,182604.73058052,186694.053926226,461927.581506943
SUBJ030,right,2.41318254219031,84049.4298265387,32334.5031540529,70060.5681781905,87678.1947781354,73638.1396947898,34664.2010175635,36668.4613046652,34338.7634411546,368555.405512951,183833.077507117,184722.328005834,465325.858736417
SUBJ035,left,2.28820659864934,110801.399678198,42040.5952859904,98433.8203549947,116119.230010499,103717.972662441,45537.767572111,48512.9668428567,45015.7945567362,538830.547009338,302130.777107756,236699.769901582,669421.087374989
SUBJ035,right,2.35905894205483,111168.319384206,43053.9126724938,97196.602658776,116293.629681818,102276.053107767,46419.4790872331,49076.5533839624,45710.9869692231,553815.375729542,310868.759766604,242946.615962939,689929.324702582
SUBJ039,left,2.35804877421965,98024.6557759581,36307.4145517115,83195.2155677154,101768.61233103,86943.9446179363,38849.0087852351,41283.2940224345,38741.699788911,438606.43238424,227157.486393951,211448.945990289,544650.666073873
SUBJ039,right,2.44048153709473,98136.5176440381,36465.8805042016,83170.9544312559,101993.416020874,87065.2674893155,38945.9926138848,41485.935571775,39005.8234620918,451012.082464271,231740.794992371,219271.2874719,550903.505179552
SUBJ046,left,2.48902098374264,85966.7642710774,32576.5968934674,73710.3134181918,89445.3097116837,77163.3449204843,34857.919098868,37091.9437900312,34810.6215846307,407872.976007827,212068.594305619,195804.381702208,479664.09258177
SUBJ046,right,2.55510519601681,85762.1140887333,32918.6175813482,72860.0430639108,89566.3441098884,76538.0251639385,35155.5771884888,37440.3165853289,35203.3569781883,412615.24458986,212396.680101002,200218.564488857,483904.672658278
SUBJ048,left,2.34338131487772,110370.079268657,40101.023429045,92595.2064203893,114944.272311387,97081.8884704641,43080.5483426001,45746.9232686755,42767.3983551204,539314.537411377,304502.838040337,234811.69937104,647158.497013501
SUBJ048,right,2.37418657324723,109339.374529165,39494.5429893248,92710.1940689347,114161.729847054,97446.1058217996,42332.835755022,44504.4261373712,41666.133371674,538717.396299017,302348.753525036,236368.642773981,638907.515916885
SUBJ051,left,2.58576167224833,97532.7775534186,38107.2762536645,80546.1300596319,102041.497170899,84943.2297272443,40995.5980443277,43807.0876686547,40918.7658779915,488406.37409353,260079.899068363,228326.475025167,590966.526417343
SUBJ051,right,2.58381484625765,97070.194879036,37649.0183609821,80884.6567458855,101448.537541721,85204.4787654629,40305.327305525,42793.6899819225,40137.3810373797,477800.101027859,249342.733665766,228457.367362094,573605.962666366
SUBJ053,left,2.49093139243307,109255.097402833,40971.1178739593,94119.7338952307,113685.014708299,98560.8717619675,43793.3225305659,46236.4602310566,43414.25557445,552133.652190548,301358.449068656,250775.203121892,657513.183152157
SUBJ053,right,2.52004215367595,108803.234282632,41235.7923489165,93820.0218580485,113624.120260417,98467.9101867129,43971.7401892317,46620.7886749726,43884.8408346574,547513.346888034,294932.223745105,252581.123142929,653835.037015587
SUBJ055,left,2.45752194201285,94309.2713956172,35965.6075100393,81152.5563228579,98135.4081946476,84956.8993055672,38444.9541716102,40842.5424676714,38363.1958061005,440882.665225479,226547.645326521,214335.019898958,530516.556591821
SUBJ055,right,2.42894221731058,90041.0369583981,34520.6553010313,76537.8332852179,93802.1756180315,80301.8605163262,37014.5033799261,39084.3712354778,36590.523156583,415237.251204725,213797.420291414,201439.830913311,506632.889005719
SUBJ057,left,2.56580564079713,89633.1442533301,33752.7015793508,78946.6009801426,93227.8377387687,82523.4448131495,35994.9532702149,37878.7990258785,35636.5473350144,436611.561868882,222710.172328747,213901.389540135,504988.784936836
SUBJ057,right,2.5966311839021,90768.1225043678,34186.1857953566,78421.0471991798,94626.5590314579,82196.1782409024,36386.4783917034,38455.7805620384,36255.4879656915,438260.357995084,221121.312110915,217139.045884169,507655.893237327
SUBJ065,left,2.24707801792966,97087.2690952916,37059.1802696529,84602.2243130786,101866.989732007,89333.268106289,40161.2305943194,42708.8999078492,39606.8495831827,456803.663655159,254020.153680305,202783.509974854,577547.729996666
SUBJ065,right,2.27291555671276,95924.2984920699,37460.986564939,85104.9451187838,100568.316482327,89636.8124563424,40346.0940516769,42778.6742092437,39893.5667225059,465902.149949661,262029.937341587,203872.212608075,578884.394562503
SUBJ067,left,2.6002928887368,85472.9621665428,34061.4093055958,72484.0787324265,89494.7425813982,76377.9601780788,36495.4740066014,38760.7199055433,36326.6552045377,422002.902558273,219607.505088685,202395.397469588,494632.444974918
SUBJ067,right,2.55007823406217,85294.9317204708,33299.6008450827,71479.0921035988,89258.4949435236,75373.0890575507,35758.8502492577,37980.2905308674,35521.0411266925,409202.590934888,211727.043575719,197475.547359169,480968.080351728
SUBJ070,left,2.35920544912869,79626.1759291352,32900.8238668633,70487.5546067046,83399.8197844934,74217.9096492624,35210.5853929245,37447.6297958034,35137.8682697422,373454.884900383,198045.224285976,175409.660614407,473478.906365818
SUBJ070,right,2.38602654875637,79409.7459252031,32602.825448303,69576.0117511088,82904.5543513392,73046.4254796622,34790.8638686117,36974.1065331251,34786.0681128164,368745.942440124,192244.935963701,176501.006476423,465073.881110466
SUBJ071,left,2.51129149687414,91072.2552661787,35162.4433484061,76044.8535463904,95506.0939348339,80407.7002139901,37836.9505042905,40005.1005575778,37330.5934016934,453349.628275281,246021.510319022,207328.117956259,541356.220563086
SUBJ071,right,2.51422739165721,92525.430478541,35439.5069657214,77952.5011864142,97145.8352583674,82482.2063608904,37875.7652471139,40166.3000537873,37730.0417723948,457784.919948329,246177.528603231,211607.391345098,543833.453542549
SUBJ073,left,2.62069845950708,115420.504152936,41331.2069820946,97620.7161616399,119800.403729112,101952.65003662,44049.5761051234,47008.5466209641,44290.1774979353,565808.891491491,289459.670520969,276349.220970522,659855.602908654
SUBJ073,right,2.59348789770488,116888.878790167,41264.5034635172,98590.6983703834,121528.738215153,103011.109515279,43804.7836704812,46219.3671679346,43679.0869609706,561787.220504099,284504.53945965,277282.681044449,657437.64137337
SUBJ074,left,2.43096314914797,101515.751472516,38640.1023321309,86739.5445444645,105878.289671226,91044.4846524501,41313.2481324649,43729.5735125975,41056.4277122636,501713.715894369,275152.665933351,226561.049961018,608347.306988124
SUBJ074,right,2.40563766411011,101920.053637498,39017.5166121715,88257.6007581584,106156.445704138,92391.5793938002,41618.8477206336,44022.4307861058,41421.0996776436,511403.832950306,285161.595078268,226242.237872038,618977.691472195
SUBJ075,left,2.50877181289728,99721.796562461,37937.4464488048,83790.0484499704,104342.833711517,88378.4695191629,40826.5664797421,42929.937198222,40040.8171672847,487586.695494627,258634.275213405,228952.420281222,596580.206948804
SUBJ075,right,2.50101098050595,99375.8794152974,37475.5364188541,83331.8295493073,103827.12304538,87738.2537347983,40300.9027914864,42370.722327998,39545.3559553657,489404.396317847,262276.818464524,227127.577853323,591123.269952462
SUBJ076,left,2.32149661997731,107915.925750454,40595.2877934016,91398.4096381028,112689.793275169,96098.0206746792,43846.9974409755,46311.872440448,43060.1627928741,515637.11406695,286066.052872144,229571.061194806,661170.390744712
SUBJ076,right,2.28570195785192,107490.941211736,40875.053678822,89939.2878248352,112230.806552578,94704.4313504394,43890.4497092775,46481.7711950439,43466.3751645884,508562.312517245,283913.782045097,224648.530472149,656477.421880013
SUBJ079,left,2.50758654783497,98651.7467852782,37546.5160240048,83968.0259365682,103373.296085089,88627.6038381216,40560.6073915212,42531.2450564493,39517.1536889329,499800.909225557,273616.535324293,226184.373901265,587358.457252533
SUBJ079,right,2.54071419425753,98434.2900099442,36231.2496154528,82826.7408196336,103890.858714528,88067.3082887009,39356.4918428193,40778.3848987271,37653.1426713606,490680.981664547,262741.268518954,227939.713145593,571967.278910998
SUBJ080,left,2.66470138583209,94581.7301498078,36219.6546253935,78670.8535152044,98681.0137383741,82687.1867670338,38789.294641737,41393.6871286691,38824.0471123256,465892.759775242,237286.167827557,228606.591947685,539723.030684574
SUBJ080,right,2.66897757644057,92727.1081772408,35671.7436588405,77475.1712185279,96807.2037003752,81461.5862759613,38120.2596197279,40186.5401690445,37738.0242081571,459653.713428937,234676.469160216,224977.244268721,534176.870742617
SUBJ081,left,2.48910126920208,84201.7054344123,32103.2271849148,70938.9487651582,88121.0103817998,74809.6972673974,34769.9830528489,36918.6633689098,34251.9075009756,392119.47425565,200989.917937572,191129.556318078,468478.507565953
SUBJ081,right,2.48123649694531,84143.3606603374,32646.2787658504,71485.6187478038,88213.0155677053,75511.7629763856,35139.8877246855,37318.8567461655,34825.2477873304,394190.345569434,203013.937565876,191176.408003557,470906.733084765
SUBJ082,left,2.5864724330499,107470.44500552,41086.7807461653,90672.9177455474,111778.236726495,94905.2518463785,43469.6170483317,46140.4403375114,43757.6040353451,540834.063094678,286720.072713433,254113.990381245,638942.963468658
SUBJ082,right,2.59328700085393,107179.530204165,40380.5373890517,90899.0619828673,111694.83824225,95226.9420346693,42772.2219859706,44862.4272427142,42470.7426457952,539249.54525186,284741.127599807,254508.417652053,636767.263833198
SUBJ083,left,2.57976628833006,103475.235933354,38079.4036291866,88483.7030025297,107764.447691222,92672.669444575,40562.7576633917,42570.2022461118,40086.8482119066,518419.136183531,273469.860064847,244949.276118685,592459.621404291
SUBJ083,right,2.5817549886859,104662.221700619,38497.8057359232,89515.1166331341,109065.841047973,93832.8960061782,40915.6176124982,43269.1590651999,40851.3471886249,524821.137838016,277487.43251661,247333.705321405,599031.270545724
SUBJ086,left,2.53362269458501,89718.7607286933,34202.5706074216,77430.989528864,93567.5663861855,81228.6622410753,36497.3382897662,38669.6631602722,36374.8954779276,439124.720082014,229419.213005806,209705.507076208,511152.383278675
SUBJ086,right,2.5464031045553,89038.8929859684,34519.8262829535,77312.3760645438,92888.5039712639,81071.4170448241,36748.5165373043,39050.8428359406,36822.1525815897,436135.403543658,226506.152968644,209629.250575014,509683.050932738
SUBJ090,left,2.51816914971788,91053.8833161646,35641.3830932612,77625.7127264254,94896.8517053855,81442.6569132663,37990.3039206693,40143.5622438894,37794.6414164814,433702.579573969,222734.552719321,210968.026854648,527033.326572494
SUBJ090,right,2.50733612994673,92469.5411938793,35841.7461619539,77421.7885108415,96480.9979286446,81307.4180242696,38166.2818185284,40516.7078929995,38192.1722364249,429885.292470928,218209.674089347,211675.618381581,526904.724135874
SUBJ091,left,2.38043922908147,92459.5366972314,35073.9882244692,81488.5259773665,96257.1616880516,85229.3213806838,37596.4493875005,40034.8921927614,37512.4310297301,437617.628051952,233080.8505325,204536.777519452,521883.693105072
SUBJ091,right,2.37730755085665,91638.9851716014,34578.9820356565,80246.9316812053,95494.7019751388,84019.3022312491,37016.2843258753,39452.4700868526,37015.1677966337,423247.856404462,221404.927793204,201842.928611258,505405.626363411
SUBJ092,left,2.51270306878906,95730.0292664156,36535.5205618604,79706.636040657,100005.286726257,83884.7881964327,39209.8983588318,41333.5828006883,38659.2050037169,465601.76332181,246645.952557475,218955.810764335,570155.349687243
SUBJ092,right,2.48166130255364,94548.7344174472,36001.5661131177,79309.291438726,98942.580182121,83563.7301597843,38427.4158469726,40494.8298413284,38068.9801074736,455866.431805487,241886.551561844,213979.880243643,560416.757912228
SUBJ093,left,2.48903251431061,113758.80244091,41462.2462217271,98758.9339180391,117625.176671815,102500.89282204,43777.4611889131,46321.5077371808,44006.2927699947,554720.882739411,293341.371128614,261379.511610797,682897.809240854
SUBJ093,right,2.48038426881451,112089.919850957,40444.292078743,97044.973832874,116354.301543696,101099.012182629,42755.4284679793,44675.0322900156,42363.8959007793,541784.377139153,285510.248213932,256274.128925222,666251.988597304
SUBJ094,left,2.53806085056445,102825.247711091,37532.4940039656,89758.2733264799,106828.676733306,93631.2422926023,39853.559485191,41897.0298064408,39575.9643252155,500041.5966177,258426.13302772,241615.46358998,578988.351329715
SUBJ094,right,2.51252861350219,105361.196695775,37977.8608346053,91387.0939579393,109493.654324458,95358.5331209793,40212.106659684,42482.1215476278,40247.8757225492,505746.997670755,261763.689636985,243983.30803377,588086.516390221
SUBJ095,left,2.38404472444472,89362.5223896132,35345.7123825176,79000.0540251188,93748.7959083808,83324.7522786558,38472.8029331637,40740.0640450812,37612.9734944352,448309.223247815,249590.393901691,198718.829346123,542924.571297736
SUBJ095,right,2.42599298891044,89651.2043785475,36399.5938239999,78162.6638808082,94206.7165615302,82774.6183776698,39458.264026842,42372.5786335112,39313.9084306691,450604.357778463,248564.917615142,202039.440163321,544727.468918812
SUBJ096,left,2.69100993269074,98082.8284897774,36233.3608193621,82428.096567741,102037.718915562,86341.5525382207,38747.5956730479,40840.6974323564,38326.4625786706,480533.391144927,240372.701686199,240160.689458727,548433.175069822
SUBJ096,right,2.68495379850085,98233.6316877469,36787.7504437496,82530.1784506388,102194.551132756,86461.7578187759,39312.3374949881,41735.5067646195,39210.919713381,481649.515939711,241068.55885452,240580.957085191,555635.326566516
SUBJ097,left,2.44991034303089,79349.1157614665,30912.0467072145,67371.7249165537,82671.46996011,70618.8824399811,32967.3498080104,34946.5801692339,32891.277068438,368704.239317123,190690.564086376,178013.675230747,438675.829766493
SUBJ097,right,2.43603271774598,80635.759148514,31526.3940818806,69387.9230848071,83965.6101302579,72693.8879252388,33594.442316496,35528.9460597199,33460.8978251045,373275.409909421,192347.042614626,180928.367294795,446093.426124049
SUBJ099,left,2.51804235399223,94935.5963238631,36532.4198698056,80187.1661722888,99016.0515470424,84194.6008769572,39170.114032018,41643.4847808607,39005.7906186482,468959.591300671,250127.014813545,218832.576487126,552855.098973654
SUBJ099,right,2.54732069513008,94961.7294818493,35990.5876464466,79673.4809522639,99185.1419978832,83723.9052955002,38533.4959801384,40682.8098005628,38139.901466871,464468.91502523,243766.001380613,220702.913644616,547903.488046514
SUBJ100,left,2.51828918112638,92332.0713886715,34485.3708820371,77097.1580709338,95849.3412845394,80633.0151035205,36536.3388415034,39150.1561329837,37099.1881735175,406288.493140977,194148.854766806,212139.638374171,499121.273609964
SUBJ100,right,2.52049167269373,91187.3119043482,33474.1654148765,75876.8086023013,94645.0038461658,79268.0061697528,35483.4423458936,37519.5413684031,35510.264437386,400432.452844666,190447.948417484,209984.504427182,489914.057632126
SUBJ101,left,2.50687051043149,101190.105414451,38888.1206188106,89407.3475510661,105579.736009439,93720.9546740893,41748.3536927466,44151.7382706178,41291.5051966818,515321.966885634,278658.054435174,236663.91245046,609482.235463233
SUBJ101,right,2.43932673821482,100931.675139148,39103.0279607588,90312.6855824425,105359.560179785,94612.8592584135,41808.4235951769,44484.4707729611,41779.0751385429,512805.016948566,282480.191307314,230324.825641252,605047.559828919
SUBJ103,left,2.6650096378738,94662.8259151381,35386.9233563707,80813.9032875905,98300.8690847531,84380.9628057048,37431.6004428526,39366.3458561078,37321.6687696259,462408.076192975,230707.782942185,231700.29325079,539648.136216007
SUBJ103,right,2.65780497175711,94081.2024065947,35101.1992792684,80110.7078280595,97814.3432002178,83734.1577863105,37081.8181292692,38996.4585118641,37015.8396618633,460925.869062365,231519.34149823,229406.527564136,539133.029446698
SUBJ104,left,2.47118739792204,88844.808875925,34317.4641719075,76094.1049023683,92617.2282719637,79796.316548178,36696.4993469825,38717.3445237583,36338.3093486834,430908.608463435,228918.434430638,201990.174032798,513826.536204844
SUBJ104,right,2.38823624521087,88724.213566322,34761.3550085755,76792.141352888,92478.0269708734,80511.4212754399,37078.2911885059,39500.0626090479,37183.1264291175,434029.708138285,238198.749658447,195830.958479838,519065.263915342
SUBJ105,left,2.54562113804696,95563.5028555757,37693.3515370811,80691.9739521565,99981.7944402568,85059.8078745391,40583.0142410315,42809.5906357117,39919.9279317613,470961.630844334,248213.508062203,222748.122782131,584568.354538135
SUBJ105,right,2.53867546630848,96986.4491440628,37924.4648954941,80873.3224123547,101604.657023083,85399.492698778,40688.9018378636,43235.5651259964,40471.1281836269,465495.187384365,241346.109930044,224149.077454321,574004.224890728
SUBJ106,left,2.55479921579627,91947.7824402663,34155.500491848,76728.0690427994,95572.0516612363,80326.4458922765,36450.3185455303,38715.605821859,36420.7877681767,426290.229576294,212683.432750168,213606.796826125,511035.426380709
SUBJ106,right,2.48628671601784,88718.5143556369,33204.1829031338,74871.9737408865,92397.5806932002,78488.3233928356,35407.1019581184,37413.9022627006,35210.9832077159,407709.868116422,206051.508002504,201658.360113917,489520.635321196
SUBJ108,left,2.53767798439517,105865.86207292,39658.5658469528,91998.1230471852,110095.872392866,96258.739244118,42519.4659070539,44836.4725475649,41975.5724874638,526148.947396169,278147.967838644,248000.979557525,621273.070371875
SUBJ108,right,2.48900692604681,104226.809781708,39402.7499464035,90514.3010711314,108599.97283378,94760.4245803179,42077.715315626,44595.2557636621,41920.2903944396,503900.671236815,264239.998730492,239660.672506323,604987.509026193
SUBJ109,left,2.53888616270333,98394.8980434591,37235.1368834195,84292.1076489203,102697.587156843,88559.6226046203,39811.4970947554,41803.2436491513,39226.8834378154,489419.017127053,258977.938771692,230441.078355361,587740.23088979
SUBJ109,right,2.56076484842344,98544.1868058957,38309.6477306117,83854.196752211,102760.2110883,88012.445701509,40907.5718254353,43363.5054829381,40765.5813881146,493363.222594448,261884.814388996,231478.408205451,594834.513348673
SUBJ110,left,2.36646709090201,97232.6957226497,35112.9570174,83718.155292299,101344.637183889,87766.1182823294,37775.4887650453,39785.3608783744,37122.8291307291,442372.166719864,230342.53243994,212029.634279924,542142.823739697
SUBJ110,right,2.37363678834406,97098.8634065561,35223.6926021539,83693.9799050163,101233.184182773,87691.0629888277,37732.9244535317,39512.2009176492,37002.9690662715,443604.923223915,230807.29168008,212797.631543835,540794.189513116
SUBJ111,left,2.48089354899543,93968.7065415579,37266.7495710615,78874.6176840719,97966.3530639293,82850.0140460787,39789.7640247558,42628.219117106,40105.2046634117,456162.703798501,243910.466943399,212252.236855101,565955.121016762
SUBJ111,right,2.48755050479854,93660.1132986031,37189.8749903874,78664.6256060005,97692.6182072832,82583.7188528262,39673.3974399084,41966.8653606619,39483.3429111408,452780.159288054,240367.105693218,212413.053594836,562038.773080929
SUBJ112,left,2.39822154146651,95097.1113381571,36534.6058479614,79361.2826404737,99464.7792611747,83669.1949268838,39360.1208741685,41731.345191013,38905.8301648059,463672.860217888,256529.80367876,207143.056539128,570352.621615055
SUBJ112,right,2.42013775355507,93317.5457774061,36003.3811584102,78107.8965693076,97609.1375990354,82395.6734150234,38731.4709137538,40863.9899157839,38135.9001604403,450348.391560067,244802.158692567,205546.2328675,558053.844176133
SUBJ113,left,2.75983824122132,103244.040437693,39010.453781323,85795.5369866186,107204.830818874,89683.5479865795,41400.580751966,43860.5509562274,41470.4239855844,523335.409219287,264222.818277779,259112.590941507,599628.861064632
SUBJ113,right,2.76125733617273,103709.130313058,38501.8485400632,86474.0436681064,107756.277296516,90421.4273132299,40822.2311852226,42817.6158844088,40497.2332392495,521249.722915287,260216.093106832,261033.629808455,601419.568325006
SUBJ115,left,2.46530873952205,96213.0233377605,37115.6304628043,79100.0676029632,100013.262151338,82827.8886701536,39547.0582547995,41777.0973506846,39345.6695586894,458462.196222508,243576.872719173,214885.323503336,569288.167715498
SUBJ115,right,2.43072937675741,94592.1720160985,36311.798771713,78483.4038024747,98599.9195321815,82452.8916888054,38735.9680237553,40762.6374595786,38338.4682075363,447798.422946175,238641.048491886,209157.374454289,552380.84957261
SUBJ118,left,2.5678849486377,117896.976942775,42175.8122005342,99802.7478540751,122324.219611742,104244.971687755,44904.4232854576,47594.1484579704,44865.537373047,581031.23104825,304242.787374436,276788.443673815,679269.694743457
SUBJ118,right,2.55928701506574,120046.295648701,41858.1072332593,101418.858181667,124842.747513663,106086.20389288,44575.6884353208,47249.0633969595,44531.4821948979,585208.257455212,304991.473128875,280216.784326336,679897.839995125
SUBJ119,left,2.52564120389637,106996.157349581,38897.4057629404,93313.9915746964,111292.236820926,97489.6562523036,41498.1944292211,43911.7594346966,41310.9707684159,529023.188472051,279156.364069466,249866.824402585,613349.416350661
SUBJ119,right,2.52946217132487,106624.076358396,38650.7215572501,92206.4217864328,111161.348874841,96565.8824975555,41277.0711098653,43472.572387048,40846.2228344328,523743.268294279,275436.162128864,248307.106165415,612415.540307758
SUBJ120,left,2.4356085042219,97322.5276217688,37319.6800479276,84264.0421701553,101305.178376641,88153.3574946144,39733.5801933011,42207.0225235927,39793.1223782192,468849.336164568,249454.125595632,219395.210568936,570794.084856126
SUBJ120,right,2.44633918658155,96974.0127729073,36627.592145104,83744.5823752919,101267.28937329,87816.6232852157,38932.8701253948,41120.230485769,38814.9525054781,466660.840999743,247625.036224634,219035.804775109,564717.73314134
SUBJ121,left,2.49462796658322,108043.893843452,40541.3110189045,93940.4109985225,112407.173505904,98192.4700740049,43192.3383764539,45705.2548765644,43054.227519015,539061.427373029,289400.746030979,249660.68134205,638090.259978955
SUBJ121,right,2.4968278386281,109012.34811559,40433.7441355242,94862.8775720148,113312.260993779,99056.1864138733,42998.9537713716,44868.7778509207,42303.5682150732,542961.217094219,290760.522005597,252200.695088622,649000.709557389
SUBJ123,left,2.38642194873685,105018.711782587,40329.263794367,90518.8835583358,109423.824360716,94787.4616593147,42947.3263207939,45566.4845863959,42948.422059969,516273.813692817,284774.886239332,231498.927453485,635187.061022385
SUBJ123,right,2.38429577082186,107119.503615242,40714.4743200187,91769.4429389766,111390.617029844,95903.9185973894,43271.2660422979,46096.7573014056,43539.9655791264,510326.672706589,275641.980930668,234684.691775921,631332.928620923
SUBJ124,left,2.43113478491394,89660.5413254669,34512.9914579586,76776.2668120498,93239.3118644247,80285.7666156417,36711.555693982,38812.4065776437,36613.8423416203,426163.557481723,226723.499456313,199440.05802541,513265.797477859
SUBJ124,right,2.41677842643009,90666.1426531778,35080.8308118159,77789.1555654277,94371.0168582799,81405.2706150919,37200.3500875106,39506.3391628642,37386.8198871695,432876.715921503,231966.410001262,200910.305920241,522154.364208768
SUBJ125,left,2.41700819760572,92163.0014990182,34366.082362049,76991.9379563428,96111.5493767807,80877.9165028709,36718.4372013573,39039.9035788687,36687.5487395605,425023.828393179,222193.253040987,202830.575352192,517293.067740273
SUBJ125,right,2.41717777541929,93196.9391505475,34024.7168097712,78538.4310317691,97068.5483213709,82326.7120144106,36192.7640059912,38075.2723400776,35907.2251438576,431538.962440186,225867.114753117,205671.84768707,521315.049587711
SUBJ128,left,2.43234411920279,95462.3168054578,35671.2523942965,81772.5523592928,99490.0092572168,85731.5823219759,38127.1195985989,40355.5472575674,37899.680053265,454238.215274867,241174.355460025,213063.859814842,536547.310027916
SUBJ128,right,2.41046712128667,94498.5050881725,35407.8762313745,81631.8773089064,98495.9642072968,85472.8795659301,37749.0538056421,39854.6489110149,37513.4713367473,450894.83064741,241039.114852958,209855.715794452,531359.18509727
SUBJ129,left,2.67146113574663,86429.1834112503,33971.2342611732,74099.1678576922,90386.488285315,77981.0787172874,36351.9635821127,38380.2053320945,35999.476011155,432478.061468041,219694.922005727,212783.139462314,507402.341193874
SUBJ129,right,2.64491259133249,87526.5576376275,34005.5103458268,74874.7943607512,91364.8662710066,78665.8411898492,36299.3129032623,38410.301592751,36116.4990353155,436045.925557382,222986.139602357,213059.785955025,508098.587465716
SUBJ130,left,2.52099824416103,93633.096334961,36313.3471507193,79975.8349276739,97511.9885683675,83843.392606101,38883.3170334805,41132.3036308513,38562.3337480901,467502.904376845,251298.887717261,216204.016659584,546612.765395012
SUBJ130,right,2.51394931924171,95011.8644433518,36170.5891865934,80581.3895123809,98970.4107361045,84563.1067892245,38649.5801852069,40788.1249697574,38309.1339711439,471929.954500856,253887.562125686,218042.39237517,548871.092973751
SUBJ132,left,2.42142160121856,116467.314308281,43670.0354784207,98687.0379521272,121416.125434405,103565.713370701,46766.0961869536,50278.589699021,47182.5289904881,571421.854578649,313433.905522388,257987.949056261,696916.917555189
SUBJ132,right,2.47767645879882,115968.407674283,42281.400209554,99024.6134479792,120403.931575897,103357.477908573,45380.2046865382,48226.7686315673,45127.9641545832,576732.366765617,313358.338303,263374.028462617,694660.355133238
SUBJ133,left,2.3781893269265,108070.530990218,40086.416752351,92721.8327907856,112542.288291157,97112.7229189027,43022.0056274418,45142.5345151557,42206.9456400649,534939.189790369,299475.454073228,235463.735717141,644830.782886727
SUBJ133,right,2.32929186809629,107258.970061936,40283.6975635655,92802.5016573619,112037.486804874,97418.5329886787,43152.0195410471,45664.7795105735,42796.4575330919,524409.855928313,294197.867922253,230211.98800606,639166.703958728
SUBJ134,left,2.4704861285858,96907.5310461677,35889.5328600323,83371.1252725852,101087.373551216,87518.5022669487,38647.2160651648,40657.3485706909,37899.6653655584,485133.737768493,264847.734632516,220286.003135977,558306.647320361
SUBJ134,right,2.51608708307915,96907.4293919357,35902.2084415278,83473.0574294286,101312.245554743,87850.0368934438,38549.1963354355,40394.70298006,37747.7150861523,490226.964669098,266053.331799922,224173.632869176,558527.522174926
SUBJ135,left,2.39016605628991,97047.4115974498,35692.1447662781,81619.639666855,101037.260075773,85550.9026588462,38200.0898254786,40164.0808308438,37656.1357716432,441517.070148943,229812.03851196,211705.031636983,540516.993364493
SUBJ135,right,2.41056668244326,97226.7619332533,35870.2340068545,81337.6335546411,101294.021753573,85404.9870064788,38262.6423192444,40534.4674149825,38142.0591025927,438476.65950942,224951.952768475,213524.706740945,537690.594592558
SUBJ136,left,2.57799247630906,80995.2728407386,32212.5851018462,65878.6567203642,85374.1443876454,70198.7109778301,34848.834437177,37237.0401532459,34600.7908179151,385780.762123271,198415.036083769,187365.726039502,461205.035382867
SUBJ136,right,2.60438822095065,86128.5704414408,33665.978352497,71180.7621554845,90366.0565893595,75492.892527561,36273.5261848412,38638.5102225478,36030.9623902036,424653.860437813,221547.925310506,203105.935127308,505036.979578822
SUBJ137,left,2.50737381715668,92302.04995895,35311.6021785575,77959.221893087,96635.0625415105,82128.1227053245,37810.5658745631,40393.4042289964,37894.4405329908,439065.455879685,228092.044066505,210973.411813181,529671.919454016
SUBJ137,right,2.50155336536746,92575.6036586657,34649.1029955274,78300.6853892237,96712.0461157813,82290.6409545161,37087.24396465,38986.746682193,36548.6057130705,436474.102903993,225399.451552353,211074.651351641,526156.678938616
SUBJ138,left,2.67606361628321,107039.762849247,39303.0547949439,86478.1980269294,111342.07261883,90742.7345258079,42137.2335290269,44096.7203314442,41262.5415973612,537183.178786861,284212.840333529,252970.338453332,632913.660447406
SUBJ138,right,2.6575927644794,109540.626123892,40401.789206833,88400.0393403684,114054.610276508,92878.708428468,43205.7181072427,45361.3395071042,42557.4106066944,547001.993524112,290495.782392737,256506.211131375,648031.568884191
SUBJ139,left,2.43464724191533,91110.3308394673,35168.8396159514,76780.3324738337,94980.3418933412,80627.9173202569,37704.6701720607,39870.798775321,37334.9682192117,428750.613888558,226566.01222605,202184.601662509,523488.995039352
SUBJ139,right,2.45721067476361,89472.8647564471,34559.8208766245,75254.3304398969,93291.9060762638,79069.6582704908,37029.7064942388,38999.3133884641,36529.4277708499,426278.444542891,225961.005553618,200317.438989273,517642.057274002
SUBJ140,left,2.47705897319854,105686.421094571,37651.4060744588,90991.8431854871,110096.970972761,95319.5081948868,40113.4349300256,42278.5359989696,39816.5071434028,512551.785332855,272303.288675367,240248.496657489,583768.720609562
SUBJ140,right,2.51208468916239,105838.521701632,37782.8618939078,92266.3165344819,109866.2973567,96173.319841934,40071.0875676325,42139.9973175882,39851.7716438636,520510.650543753,275307.017899221,245203.632644532,589600.477791905
SUBJ141,left,2.38674049943052,117794.227213742,41851.3393747228,104536.717130424,122296.424752253,108975.92223392,44614.8865641074,47371.6989462392,44608.1517568546,564811.19120467,302373.377311714,262437.813892957,674011.524874464
SUBJ141,right,2.40702748412484,117082.448253704,41793.5980513626,104093.909226101,121679.216545123,108629.849843191,44427.4916073014,47024.4436645668,44390.5501086281,565299.534600546,302123.406952504,263176.127648042,674168.592217005
SUBJ142,left,2.45215703564792,89975.6872118334,34883.0909081206,75648.6524174892,93736.6238243076,79404.8021231565,37379.4052979354,39758.1003401962,37261.7859503814,427826.351505031,226906.835607019,200919.515898012,516910.505627315
SUBJ142,right,2.47846663954103,91212.5226261049,35411.4532713145,76720.921713822,95200.480290003,80626.8543815276,37820.6747667231,40246.5765074161,37837.3550120074,435526.121748075,229188.337153065,206337.78459501,520800.065714511
SUBJ143,left,2.57501013512783,106715.600525594,39931.2770466662,89422.8331190254,111015.897970846,93673.3871354276,42572.8493319528,44905.8320763212,42264.2597910346,519923.169022272,269030.043524724,250893.125497548,622927.077404337
SUBJ143,right,2.54749084090711,106831.600469931,40121.607854533,89267.1004790373,111229.819445574,93509.7197538273,42715.2443095384,45340.3147350385,42746.6782800331,514822.358809331,266196.896450197,248625.462359134,624242.274377945
SUBJ144,left,2.45803342399691,100961.823375874,36499.800510894,85418.1881616913,105088.904882687,89444.7236863671,39001.4884864961,41502.169458455,39000.4814828529,467853.171960097,241532.956235165,226320.215724931,563996.989166858
SUBJ144,right,2.49496867729556,99284.4026859911,36579.3576685364,84286.7569350804,103450.885621078,88271.8821929942,38805.7750053517,40991.0896598882,38764.6723230729,465727.179409605,240409.688389743,225317.491019862,564238.417342019
SUBJ146,left,2.46266316471141,96798.1753815337,36894.8277383739,85907.031355714,100722.708122471,89867.2819785947,39390.570143865,41509.2942767037,39013.5518712125,497463.557048482,274963.557538795,222499.999509688,571176.702105648
SUBJ146,right,2.49832281776381,98735.9866591656,37319.977423846,87400.0171887578,103124.453385268,91643.181912427,39706.5385907979,41710.228927104,39323.6677601521,503295.200430176,273403.817242877,229891.383187299,579584.51243276
SUBJ147,left,2.53417318977439,88755.4839220997,33715.8139840812,75857.607231099,92447.8802593694,79507.0208218087,36000.3022322954,38346.2892788534,36061.8010306392,421409.084863042,215217.058152272,206192.02671077,491674.827320289
SUBJ147,right,2.51603129963235,89546.9519882443,33808.0489930802,76471.6241072083,93342.9976721478,80135.0117294872,35977.9855322114,37848.175379437,35678.2388403058,422818.82251139,216223.997874296,206594.824637093,497963.746856964
SUBJ148,left,2.37403212471522,92273.0157666929,33467.0976304823,80944.280326837,96127.8139503399,84687.6402174386,35656.8789723478,37662.334350433,35472.5530085675,423311.33671254,220126.811340764,203184.525371776,493917.630980794
SUBJ148,right,2.38156351307999,92125.0331031371,33555.7760336693,81072.0326913186,96012.890790941,84831.5963367628,35672.3536465733,37589.1355432178,35472.5579303139,427828.508223185,224394.812728072,203433.695495112,500848.577066023
SUBJ152,left,2.44847985312938,97634.0729393266,36537.014136781,86247.5229087887,101183.432175496,89781.9610863035,38724.9226041455,41032.2757213844,38844.3672540199,465702.2754967,243049.899983875,222652.375512824,548223.379565891
SUBJ152,right,2.47445923121641,98365.5766647546,37141.6317658609,87286.8764106901,102089.281394496,90910.884819053,39207.7180609095,41719.5956765065,39653.509381458,468562.98858244,241357.676851305,227205.311731135,551952.718360702
SUBJ153,left,2.27342557334342,88892.2170414192,33226.3648727579,78404.0747185845,92722.3145849948,82177.2096067063,35466.0195818662,37715.6704005242,35476.0156914158,412194.779302935,224313.20388079,187881.575422145,492722.6708895
SUBJ153,right,2.28993222072503,90226.0655824006,33765.4584712729,79806.1727789808,93916.5744344264,83448.6779490568,35867.2368317942,37775.6063020697,35673.8279415485,422485.821839673,230113.063342155,192372.758497518,500983.795938448
SUBJ154,left,2.66589509549671,90719.853651437,35266.9878499275,75899.5286741934,94394.3530412463,79570.4263654752,37620.9769524826,40080.2952774711,37726.3061749161,444628.496054932,224096.569879206,220531.926175726,519763.974125699
SUBJ154,right,2.68631040566851,90567.0213608738,34793.0551053839,75604.1072124662,94433.8618912915,79433.3731866994,37109.1758158986,39126.9682867112,36810.8475761965,440192.196942931,218372.955337847,221819.241605084,515609.173143829
SUBJ155,left,2.53860584508158,94639.7315016267,37160.3008437504,81692.435625662,99176.9323804886,86200.4119616001,39970.8135294525,42066.3728645419,39255.8601788399,503464.5424919,282435.043608568,221029.498883333,577474.868803539
SUBJ155,right,2.51334004254942,95689.0746255708,37152.7532321951,81401.9675639141,100082.532063962,85758.0147414656,39876.8261477,41984.1513735321,39260.0784580273,496471.616906289,277049.861299589,219421.7556067,571981.133825151
SUBJ157,left,2.43854084840559,91036.0051400422,33896.3249374319,78190.8135078242,94568.7902090218,81695.1646197721,35983.523058921,38307.9428695306,36220.7447480416,414975.726228247,211163.419323424,203812.306904823,495393.208741961
SUBJ157,right,2.43153080545569,91022.8363913942,33700.2420105586,77309.5780755376,94454.7724001377,80655.7240667229,35681.5332979854,37539.2261499072,35557.9348624805,407812.679907846,204842.366637314,202970.313270532,493578.04575183
SUBJ161,left,2.4134133756828,100913.45048742,38618.2645075676,85243.273852718,104906.655307169,89248.9088470737,41177.3888437775,43620.6477318661,41061.5233956562,483290.919973715,260804.650697894,222486.269275821,591659.939736154
SUBJ161,right,2.39761459123614,102009.450683967,38010.2553451256,85622.8623006243,106196.617282519,89766.9146238508,40578.3766176189,42540.6647164094,39972.5434439161,479152.862722424,256807.136998685,222345.725723739,586047.81755328
SUBJ162,left,2.4791412593314,109373.722262939,39333.8581952685,92153.953451464,114256.534657681,96929.0840798573,42397.1053736067,44682.6877123689,41619.4405340307,537833.931590048,290122.240353231,247711.691236817,647670.063876871
SUBJ162,right,2.48425906495855,109782.112920898,39672.7554030207,92726.2536314126,114605.588056398,97501.9722578271,42643.4691184097,44929.6463229544,41958.9326075654,540167.339062562,290644.1114391,249523.227623461,645438.583520291
SUBJ163,left,2.63094221256756,99300.0178284678,39416.417860192,84354.9038067234,103681.448725471,88682.249886969,42069.4569697545,44835.512302696,42182.4731931335,525723.477098768,286070.37805055,239653.099048218,613648.112936038
SUBJ163,right,2.66074462798278,98843.0121487687,38957.9797517534,83989.1185136065,103184.383158058,88187.7481181463,41537.7319616675,43770.1006175483,41190.3484076342,524106.345256658,283462.353600404,240643.991656254,609281.854168096
SUBJ164,left,2.45966817430445,94128.3706780687,35727.2139399206,79959.4586850963,98164.1959657807,83886.6168228225,38171.8115390087,40487.2439375612,38042.6463384731,450854.133302788,239004.365745255,211849.767557533,531386.871954906
SUBJ164,right,2.43294673709769,93680.6702827886,35222.2576706347,80724.7782392307,97557.076050327,84474.5881906908,37553.6868910867,39587.6339964658,37256.2047760139,449898.698169256,240114.392918471,209784.305250785,527722.96961674
SUBJ166,left,2.47919782355312,96839.3477469597,36437.1414933382,82076.978338478,100730.550381547,85903.0539498544,39037.593022519,41351.8292364413,38751.3777072605,456916.645549728,236807.525614569,220109.119935159,555524.841962309
SUBJ166,right,2.45510905727814,96474.7424244021,36358.4533688915,81888.6006015364,100510.593296826,85851.1902431261,38839.1202245375,41384.2932319588,38903.6263763128,450342.177806202,232736.246738777,217605.931067426,549538.832991921
SUBJ167,left,2.39313211899669,105226.0334484,38247.3700019936,90666.0993482752,109787.778121637,95258.6026208902,41272.5238761065,43504.8806885339,40479.726814421,497471.738925029,265074.323703198,232397.415221831,618441.473360364
SUBJ167,right,2.42661023775211,106108.111848171,38531.9145506217,90009.2469551905,110969.911292797,94705.4841806742,41393.7457874788,43736.1202007006,40874.2889638434,491965.979954265,256216.655807001,235749.324147264,609140.458728671
SUBJ168,left,2.35752408015596,106964.448732898,38004.0218176079,94118.3509175206,110576.436422643,97715.117308494,40311.8241915958,42758.5055066478,40450.7031326599,505964.121911819,271756.519094574,234207.602817245,589465.36586627
SUBJ168,right,2.39436356843061,106364.738673969,37529.3493671878,92180.7174270753,110133.900237959,95903.4946091832,39725.6057591434,41677.0993381259,39480.8429461703,497833.058121666,262278.716156632,235554.341965034,579569.391860466
SUBJ170,left,2.51306327985044,93844.0054806469,35910.850599839,80220.4910145175,97820.3812721452,84131.3221730001,38341.5306853649,40806.9930633793,38376.3129778534,443915.342361754,227261.940027068,216653.402334686,533345.802482931
SUBJ170,right,2.50537471225593,93691.8230346339,35307.9636396567,79994.9328835483,97891.9189340953,83933.5907048799,37749.2739585586,39974.8222854181,37533.5119665163,437539.297081765,221783.611937329,215755.685144437,525849.932391357
SUBJ174,left,2.45509892082089,96578.4474666106,37925.6529701369,82011.0930870609,100962.061292384,86319.5086211319,40618.7726165932,42923.059008547,40229.9393620907,485939.160274355,269771.775431007,216167.384843347,592501.241657318
SUBJ174,right,2.4349397405562,95584.0670161892,37451.8594438602,81281.5755584692,100004.834309961,85578.8904104041,40088.7037793129,42329.4870359054,39692.6427004526,474312.144968853,261153.728477924,213158.416490928,580787.65379662
SUBJ175,left,2.42719554228302,93863.8307130345,35688.7797627674,82584.5289808556,98019.1187980175,86627.6073338152,38305.0650657039,40904.8069812445,38288.521678308,457433.766049295,245911.95326847,211521.812780825,536714.924952905
SUBJ175,right,2.45357444433875,93937.1904930639,35372.8504239172,80424.1454755609,97897.4213043776,84325.164511245,37866.882544766,40041.4101088747,37547.3779880259,449274.010511863,237032.392543345,212241.617968518,532252.68932241
SUBJ176,left,2.46671270933223,113328.072607255,41865.3990842021,98779.4126790178,117632.422194864,103061.768002313,44503.6770607939,47107.8646866054,44469.5867100135,565836.804457046,306155.07771253,259681.726744516,673730.088533372
SUBJ176,right,2.45756099700642,112815.137265846,41331.6129954048,99449.1834526344,117600.329315414,103955.853088608,43864.7911566345,46363.5683873642,43830.3902261345,562589.012567759,303395.37198312,259193.64058464,665825.128577556
SUBJ182,left,2.56585353564123,98388.2920797137,36287.5308061679,82676.9077694858,102247.173513093,86451.4954061696,38634.0302985887,40889.614788505,38543.1152960843,450572.48555194,220209.41871135,230363.066840591,543654.877907606
SUBJ182,right,2.5675879383336,100957.618984281,37195.7327098933,85028.8181657739,104792.784635245,88740.5702398404,39324.2416170566,41819.9574190381,39691.4485118748,458862.332936477,222272.154999997,236590.17793648,551751.046901618
SUBJ183,left,2.45451995323074,98521.5583294717,37856.6766212282,86840.2240188904,102720.393377303,90935.529490729,40374.5439621876,43022.85066923,40504.9833282706,487054.089489986,262385.408514625,224668.680975361,571309.302191499
SUBJ183,right,2.4630658538147,95686.5812658008,36689.5921455986,84072.7221593494,99983.7021917786,88238.7195869681,39149.7922368263,41343.0480616965,38882.8479704688,472658.321287055,253791.630784917,218866.690502139,556526.885920881
SUBJ187,left,2.49682047686915,100699.932393713,37252.6235821313,86209.882461041,104249.290209238,89750.328008503,39436.86578501,41937.5498911487,39753.30768827,478586.156801947,247735.078437849,230851.078364099,573256.343788601
SUBJ187,right,2.47291495150565,101379.384333847,36730.3027399054,86416.7104589242,105428.633633524,90369.6446711124,39003.2578752047,41098.1006940529,38825.1455587536,476370.944365368,246429.643799781,229941.300565587,570462.020783172
SUBJ188,left,2.56131500580234,98668.9320089069,37432.7317139913,84274.0383919121,102778.167238554,88360.4234402751,40231.8687376728,42972.7740652881,40173.6370416066,485162.199311949,252613.098111424,232549.101200525,584576.734640466
SUBJ188,right,2.53221315858875,98585.1209982586,36508.7505081802,84107.6490443906,103114.034913725,88585.04139698,39218.0024157841,41377.0839731088,38667.832065505,471012.79317281,241662.604121125,229350.189051684,567779.726044899
SUBJ191,left,2.49012349918929,111260.185937667,40156.2620668591,94417.6386761071,115284.314559368,98375.1591866798,42757.4888504485,45007.1818370282,42405.9550534388,536275.002571898,282672.534443416,253602.468128482,635153.0727296
SUBJ191,right,2.48343509424655,111040.82027811,39980.9882804011,94738.4387262151,115168.529265127,98838.0085329663,42399.3013143227,44689.6668178941,42271.3537839724,534813.790584297,281664.911795403,253148.878788894,634971.511305228
