rh.pial.area	rh.pial	BrainSegVolNotVent	eTIV
SUBJ002/SUBJ002_ses-1	112570.0	1098284.0	1660018.3146
SUBJ002/SUBJ002_ses-1.long.SUBJ002_tmpl	110858.0	1073192.0	1658756.60649
SUBJ003/SUBJ003_ses-1	115225.0	1228028.0	1891990.48979
SUBJ003/SUBJ003_ses-1.long.SUBJ003_tmpl	114024.0	1211693.0	1891495.3563
SUBJ003/SUBJ003_ses-2	112917.0	1187036.0	1890143.54591
SUBJ003/SUBJ003_ses-2.long.SUBJ003_tmpl	112167.0	1186296.0	1891495.3563
SUBJ003/SUBJ003_ses-3	110461.0	1153777.0	1906233.04043
SUBJ003/SUBJ003_ses-3.long.SUBJ003_tmpl	108584.0	1099577.0	1891495.3563
SUBJ005/SUBJ005_ses-1	102364.0	1059607.0	1542688.72416
SUBJ005/SUBJ005_ses-1.long.SUBJ005_tmpl	100737.0	1047074.0	1542985.72313
SUBJ005/SUBJ005_ses-2	101859.0	1040744.0	1548894.1693
SUBJ005/SUBJ005_ses-2.long.SUBJ005_tmpl	99842.0	1032381.0	1542985.72313
SUBJ005/SUBJ005_ses-3	97548.0	985177.0	1556820.30335
SUBJ005/SUBJ005_ses-3.long.SUBJ005_tmpl	95962.0	977143.0	1542985.72313
SUBJ006/SUBJ006_ses-1	93103.0	919636.0	1412491.45507
SUBJ006/SUBJ006_ses-1.long.SUBJ006_tmpl	92764.0	910088.0	1412416.00938
SUBJ007/SUBJ007_ses-1	104873.0	1078690.0	1639139.6315
SUBJ007/SUBJ007_ses-1.long.SUBJ007_tmpl	104343.0	1070390.0	1631450.71504
SUBJ007/SUBJ007_ses-2	103636.0	1050219.0	1632982.33051
SUBJ007/SUBJ007_ses-2.long.SUBJ007_tmpl	102806.0	1035538.0	1631450.71504
SUBJ010/SUBJ010_ses-1	102234.0	1067218.0	1521711.5364
SUBJ010/SUBJ010_ses-1.long.SUBJ010_tmpl	100973.0	1051701.0	1510859.36526
SUBJ010/SUBJ010_ses-2	101203.0	1048432.0	1514511.40079
SUBJ010/SUBJ010_ses-2.long.SUBJ010_tmpl	99654.0	1032190.0	1510859.36526
SUBJ010/SUBJ010_ses-3	99744.0	1017625.0	1504921.93009
SUBJ010/SUBJ010_ses-3.long.SUBJ010_tmpl	98462.0	1009770.0	1510859.36526
SUBJ011/SUBJ011_ses-1	100501.0	977975.0	1512501.17325
SUBJ011/SUBJ011_ses-1.long.SUBJ011_tmpl	99514.0	947879.0	1511040.41697
SUBJ014/SUBJ014_ses-1	109895.0	1072741.0	1671506.47398
SUBJ014/SUBJ014_ses-1.long.SUBJ014_tmpl	108723.0	1056419.0	1672892.97302
SUBJ018/SUBJ018_ses-1	91194.0	926824.0	1417546.79044
SUBJ018/SUBJ018_ses-1.long.SUBJ018_tmpl	90610.0	927183.0	1418593.48087
SUBJ018/SUBJ018_ses-2	91640.0	976984.0	1417118.51887
SUBJ018/SUBJ018_ses-2.long.SUBJ018_tmpl	89577.0	917676.0	1418593.48087
SUBJ024/SUBJ024_ses-1	104862.0	1023227.0	1615085.55663
SUBJ024/SUBJ024_ses-1.long.SUBJ024_tmpl	103795.0	999104.0	1614890.36439
SUBJ025/SUBJ025_ses-1	98960.0	1049001.0	1535139.19921
SUBJ025/SUBJ025_ses-1.long.SUBJ025_tmpl	97262.0	1027430.0	1535129.39304
SUBJ027/SUBJ027_ses-1	95085.0	969937.0	1443324.65023
SUBJ027/SUBJ027_ses-1.long.SUBJ027_tmpl	94533.0	965976.0	1443754.87963
SUBJ027/SUBJ027_ses-2	94528.0	954307.0	1445393.21818
SUBJ027/SUBJ027_ses-2.long.SUBJ027_tmpl	92871.0	934738.0	1443754.87963
SUBJ030/SUBJ030_ses-1	88101.0	818481.0	1318328.52582
SUBJ030/SUBJ030_ses-1.long.SUBJ030_tmpl	87678.0	807878.0	1317783.06056
SUBJ035/SUBJ035_ses-1	118232.0	1176440.0	1906330.2151
SUBJ035/SUBJ035_ses-1.long.SUBJ035_tmpl	116294.0	1129974.0	1908008.65165
SUBJ039/SUBJ039_ses-1	103120.0	993197.0	1558587.95514
SUBJ039/SUBJ039_ses-1.long.SUBJ039_tmpl	101993.0	984605.0	1558664.81014
SUBJ046/SUBJ046_ses-1	90421.0	941995.0	1374772.40454
SUBJ046/SUBJ046_ses-1.long.SUBJ046_tmpl	89566.0	940301.0	1375793.57414
SUBJ048/SUBJ048_ses-1	114644.0	1170806.0	1745124.15922
SUBJ048/SUBJ048_ses-1.long.SUBJ048_tmpl	114162.0	1162475.0	1745203.92449
SUBJ048/SUBJ048_ses-2	114089.0	1161421.0	1751451.7277
SUBJ048/SUBJ048_ses-2.long.SUBJ048_tmpl	113227.0	1146949.0	1745203.92449
SUBJ051/SUBJ051_ses-1	102264.0	1073373.0	1684821.68186
SUBJ051/SUBJ051_ses-1.long.SUBJ051_tmpl	101449.0	1063701.0	1686376.3605
SUBJ051/SUBJ051_ses-2	101698.0	1036619.0	1700178.97419
SUBJ051/SUBJ051_ses-2.long.SUBJ051_tmpl	100673.0	1023893.0	1686376.3605
SUBJ053/SUBJ053_ses-1	111910.0	1214790.0	1752962.99226
SUBJ053/SUBJ053_ses-1.long.SUBJ053_tmpl	113624.0	1204795.0	1748556.17237
SUBJ053/SUBJ053_ses-2	114812.0	1220549.0	1747895.98472
SUBJ053/SUBJ053_ses-2.long.SUBJ053_tmpl	113747.0	1207611.0	1748556.17237
SUBJ053/SUBJ053_ses-3	114306.0	1213002.0	1753018.84099
SUBJ053/SUBJ053_ses-3.long.SUBJ053_tmpl	113167.0	1205683.0	1748556.17237
SUBJ055/SUBJ055_ses-1	94323.0	962559.0	1479239.4276
SUBJ055/SUBJ055_ses-1.long.SUBJ055_tmpl	93802.0	951204.0	1478414.13862
SUBJ057/SUBJ057_ses-1	93320.0	970383.0	1411153.06456
SUBJ057/SUBJ057_ses-1.long.SUBJ057_tmpl	94627.0	978314.0	1412071.47885
SUBJ065/SUBJ065_ses-1	101363.0	993969.0	1599941.0985
SUBJ065/SUBJ065_ses-1.long.SUBJ065_tmpl	100568.0	978039.0	1583838.57892
SUBJ065/SUBJ065_ses-2	107309.0	1093003.0	1608799.36432
SUBJ065/SUBJ065_ses-2.long.SUBJ065_tmpl	100232.0	978737.0	1583838.57892
SUBJ067/SUBJ067_ses-1	90457.0	929717.0	1428959.95656
SUBJ067/SUBJ067_ses-1.long.SUBJ067_tmpl	89258.0	920714.0	1424836.77979
SUBJ067/SUBJ067_ses-2	89235.0	922463.0	1423416.87661
SUBJ067/SUBJ067_ses-2.long.SUBJ067_tmpl	87885.0	907229.0	1424836.77979
SUBJ070/SUBJ070_ses-1	83567.0	815925.0	1410236.81775
SUBJ070/SUBJ070_ses-1.long.SUBJ070_tmpl	82905.0	798119.0	1407378.95741
SUBJ071/SUBJ071_ses-1	97768.0	1014979.0	1518383.55494
SUBJ071/SUBJ071_ses-1.long.SUBJ071_tmpl	97146.0	1007458.0	1516941.55268
SUBJ073/SUBJ073_ses-1	122636.0	1259978.0	1755207.26134
SUBJ073/SUBJ073_ses-1.long.SUBJ073_tmpl	121529.0	1246353.0	1756156.5889
SUBJ073/SUBJ073_ses-2	122424.0	1244050.0	1757967.1714
SUBJ073/SUBJ073_ses-2.long.SUBJ073_tmpl	120753.0	1231992.0	1756156.5889
SUBJ074/SUBJ074_ses-1	107486.0	1077765.0	1743992.01832
SUBJ074/SUBJ074_ses-1.long.SUBJ074_tmpl	106156.0	1057297.0	1752425.18383
SUBJ074/SUBJ074_ses-2	107379.0	1070514.0	1763736.75114
SUBJ074/SUBJ074_ses-2.long.SUBJ074_tmpl	104987.0	1030872.0	1752425.18383
SUBJ075/SUBJ075_ses-1	104369.0	1052163.0	1707901.23796
SUBJ075/SUBJ075_ses-1.long.SUBJ075_tmpl	103827.0	1039781.0	1706321.42449
SUBJ076/SUBJ076_ses-1	112794.0	1144905.0	1867033.26377
SUBJ076/SUBJ076_ses-1.long.SUBJ076_tmpl	112231.0	1128149.0	1866142.92566
SUBJ079/SUBJ079_ses-1	104419.0	1080375.0	1680086.52946
SUBJ079/SUBJ079_ses-1.long.SUBJ079_tmpl	103891.0	1076351.0	1685211.21231
SUBJ079/SUBJ079_ses-2	104180.0	1078184.0	1679040.9717
SUBJ079/SUBJ079_ses-2.long.SUBJ079_tmpl	103449.0	1067010.0	1685211.21231
SUBJ079/SUBJ079_ses-3	103136.0	1065683.0	1687771.9604
SUBJ079/SUBJ079_ses-3.long.SUBJ079_tmpl	102944.0	1054682.0	1685211.21231
SUBJ080/SUBJ080_ses-1	97383.0	1039493.0	1391635.95969
SUBJ080/SUBJ080_ses-1.long.SUBJ080_tmpl	96807.0	1033870.0	1400490.59269
SUBJ080/SUBJ080_ses-2	97003.0	1022275.0	1383508.76144
SUBJ080/SUBJ080_ses-2.long.SUBJ080_tmpl	95842.0	1013302.0	1400490.59269
SUBJ080/SUBJ080_ses-3	97629.0	1027205.0	1395467.66276
SUBJ080/SUBJ080_ses-3.long.SUBJ080_tmpl	97782.0	1020813.0	1400490.59269
SUBJ081/SUBJ081_ses-1	88874.0	903195.0	1331171.1436
SUBJ081/SUBJ081_ses-1.long.SUBJ081_tmpl	88213.0	893494.0	1324370.17476
SUBJ081/SUBJ081_ses-2	89268.0	896202.0	1314095.74548
SUBJ081/SUBJ081_ses-2.long.SUBJ081_tmpl	88018.0	883636.0	1324370.17476
SUBJ081/SUBJ081_ses-3	87091.0	877958.0	1321364.72041
SUBJ081/SUBJ081_ses-3.long.SUBJ081_tmpl	86347.0	861310.0	1324370.17476
SUBJ082/SUBJ082_ses-1	112500.0	1230538.0	1757597.72426
SUBJ082/SUBJ082_ses-1.long.SUBJ082_tmpl	111695.0	1217089.0	1759436.09585
SUBJ082/SUBJ082_ses-2	112655.0	1228511.0	1763093.77496
SUBJ082/SUBJ082_ses-2.long.SUBJ082_tmpl	111742.0	1220166.0	1759436.09585
SUBJ082/SUBJ082_ses-3	111372.0	1203359.0	1760801.98519
SUBJ082/SUBJ082_ses-3.long.SUBJ082_tmpl	110866.0	1195489.0	1759436.09585
SUBJ083/SUBJ083_ses-1	110512.0	1212405.0	1697912.41041
SUBJ083/SUBJ083_ses-1.long.SUBJ083_tmpl	109066.0	1198933.0	1684898.63547
SUBJ083/SUBJ083_ses-2	108842.0	1202412.0	1705743.47913
SUBJ083/SUBJ083_ses-2.long.SUBJ083_tmpl	107077.0	1177758.0	1684898.63547
SUBJ083/SUBJ083_ses-3	108026.0	1174693.0	1659623.31905
SUBJ083/SUBJ083_ses-3.long.SUBJ083_tmpl	106926.0	1170511.0	1684898.63547
SUBJ083/SUBJ083_ses-4	109372.0	1160740.0	1532904.61792
SUBJ083/SUBJ083_ses-4.long.SUBJ083_tmpl	108629.0	1151401.0	1684898.63547
SUBJ086/SUBJ086_ses-1	93461.0	1006408.0	1340817.64925
SUBJ086/SUBJ086_ses-1.long.SUBJ086_tmpl	92889.0	1002505.0	1349679.48227
SUBJ086/SUBJ086_ses-2	93030.0	999240.0	1336352.36292
SUBJ086/SUBJ086_ses-2.long.SUBJ086_tmpl	92320.0	992600.0	1349679.48227
SUBJ090/SUBJ090_ses-1	97787.0	961566.0	1466167.54361
SUBJ090/SUBJ090_ses-1.long.SUBJ090_tmpl	96481.0	950657.0	1463089.88188
SUBJ090/SUBJ090_ses-2	95391.0	945834.0	1466383.04122
SUBJ090/SUBJ090_ses-2.long.SUBJ090_tmpl	95989.0	938375.0	1463089.88188
SUBJ091/SUBJ091_ses-1	96427.0	949094.0	1319462.03983
SUBJ091/SUBJ091_ses-1.long.SUBJ091_tmpl	95495.0	942938.0	1316131.66783
SUBJ092/SUBJ092_ses-1	100401.0	1022273.0	1539825.69731
SUBJ092/SUBJ092_ses-1.long.SUBJ092_tmpl	98943.0	1009666.0	1539888.2341
SUBJ092/SUBJ092_ses-2	100518.0	1012901.0	1514902.54407
SUBJ092/SUBJ092_ses-2.long.SUBJ092_tmpl	99154.0	993019.0	1539888.2341
SUBJ092/SUBJ092_ses-3	99330.0	979772.0	1549641.91464
SUBJ092/SUBJ092_ses-3.long.SUBJ092_tmpl	98667.0	974941.0	1539888.2341
SUBJ093/SUBJ093_ses-1	117729.0	1193793.0	1821563.82786
SUBJ093/SUBJ093_ses-1.long.SUBJ093_tmpl	116354.0	1187703.0	1835693.87422
SUBJ093/SUBJ093_ses-2	116379.0	1182069.0	1834471.89581
SUBJ093/SUBJ093_ses-2.long.SUBJ093_tmpl	115406.0	1170594.0	1835693.87422
SUBJ093/SUBJ093_ses-3	101691.0	1003868.0	1633472.82642
SUBJ093/SUBJ093_ses-3.long.SUBJ093_tmpl	112607.0	1051023.0	1835693.87422
SUBJ094/SUBJ094_ses-1	111214.0	1127200.0	1593464.47074
SUBJ094/SUBJ094_ses-1.long.SUBJ094_tmpl	109494.0	1121276.0	1575967.83243
SUBJ094/SUBJ094_ses-2	109516.0	1112369.0	1563275.0671
SUBJ094/SUBJ094_ses-2.long.SUBJ094_tmpl	108507.0	1112783.0	1575967.83243
SUBJ094/SUBJ094_ses-3	109489.0	1122460.0	1572372.55942
SUBJ094/SUBJ094_ses-3.long.SUBJ094_tmpl	108366.0	1116048.0	1575967.83243
SUBJ094/SUBJ094_ses-4	97500.0	959287.0	1362932.06676
SUBJ094/SUBJ094_ses-4.long.SUBJ094_tmpl	105176.0	995533.0	1575967.83243
SUBJ095/SUBJ095_ses-1	95631.0	984845.0	1568801.93607
SUBJ095/SUBJ095_ses-1.long.SUBJ095_tmpl	94207.0	964003.0	1566051.93422
SUBJ096/SUBJ096_ses-1	103150.0	1087585.0	1420130.01079
SUBJ096/SUBJ096_ses-1.long.SUBJ096_tmpl	102195.0	1077844.0	1419536.40549
SUBJ096/SUBJ096_ses-2	102057.0	1084148.0	1426594.4446
SUBJ096/SUBJ096_ses-2.long.SUBJ096_tmpl	100619.0	1077497.0	1419536.40549
SUBJ097/SUBJ097_ses-1	85325.0	857641.0	1259626.57075
SUBJ097/SUBJ097_ses-1.long.SUBJ097_tmpl	83966.0	846756.0	1265926.4395
SUBJ097/SUBJ097_ses-2	86147.0	879627.0	1279555.9608
SUBJ097/SUBJ097_ses-2.long.SUBJ097_tmpl	83803.0	850508.0	1265926.4395
SUBJ099/SUBJ099_ses-1	99834.0	1052461.0	1563039.42165
SUBJ099/SUBJ099_ses-1.long.SUBJ099_tmpl	99185.0	1036610.0	1574175.42162
SUBJ099/SUBJ099_ses-2	98955.0	1035335.0	1571674.97116
SUBJ099/SUBJ099_ses-2.long.SUBJ099_tmpl	98232.0	1023895.0	1574175.42162
SUBJ099/SUBJ099_ses-3	98273.0	1025460.0	1583288.30526
SUBJ099/SUBJ099_ses-3.long.SUBJ099_tmpl	97354.0	1016805.0	1574175.42162
SUBJ100/SUBJ100_ses-1	95653.0	896717.0	1465894.77609
SUBJ100/SUBJ100_ses-1.long.SUBJ100_tmpl	94645.0	893563.0	1462373.06071
SUBJ100/SUBJ100_ses-2	94912.0	905871.0	1460671.87184
SUBJ100/SUBJ100_ses-2.long.SUBJ100_tmpl	93813.0	890421.0	1462373.06071
SUBJ100/SUBJ100_ses-3	93072.0	860881.0	1445731.05257
SUBJ100/SUBJ100_ses-3.long.SUBJ100_tmpl	91974.0	851545.0	1462373.06071
SUBJ101/SUBJ101_ses-1	106806.0	1153737.0	1698179.18724
SUBJ101/SUBJ101_ses-1.long.SUBJ101_tmpl	105360.0	1142877.0	1707737.21796
SUBJ101/SUBJ101_ses-2	106461.0	1147698.0	1702296.42461
SUBJ101/SUBJ101_ses-2.long.SUBJ101_tmpl	105403.0	1140945.0	1707737.21796
SUBJ101/SUBJ101_ses-3	106457.0	1137396.0	1709692.33573
SUBJ101/SUBJ101_ses-3.long.SUBJ101_tmpl	105116.0	1130876.0	1707737.21796
SUBJ101/SUBJ101_ses-4	108962.0	1158992.0	1552406.94182
SUBJ101/SUBJ101_ses-4.long.SUBJ101_tmpl	108274.0	1162294.0	1707737.21796
SUBJ103/SUBJ103_ses-1	99035.0	1065063.0	1390833.41048
SUBJ103/SUBJ103_ses-1.long.SUBJ103_tmpl	97814.0	1055589.0	1388710.58208
SUBJ103/SUBJ103_ses-2	96196.0	1036791.0	1386932.67134
SUBJ103/SUBJ103_ses-2.long.SUBJ103_tmpl	95080.0	1027829.0	1388710.58208
SUBJ103/SUBJ103_ses-3	97935.0	1043474.0	1302390.22033
SUBJ103/SUBJ103_ses-3.long.SUBJ103_tmpl	97278.0	1048842.0	1388710.58208
SUBJ104/SUBJ104_ses-1	93649.0	978195.0	1415787.78544
SUBJ104/SUBJ104_ses-1.long.SUBJ104_tmpl	92478.0	964423.0	1415545.57848
SUBJ105/SUBJ105_ses-1	102131.0	1040586.0	1675097.30903
SUBJ105/SUBJ105_ses-1.long.SUBJ105_tmpl	101605.0	1027566.0	1678463.25429
SUBJ105/SUBJ105_ses-2	102492.0	1034507.0	1681594.75457
SUBJ105/SUBJ105_ses-2.long.SUBJ105_tmpl	101578.0	1023349.0	1678463.25429
SUBJ105/SUBJ105_ses-3	101926.0	1031685.0	1598960.65697
SUBJ105/SUBJ105_ses-3.long.SUBJ105_tmpl	102998.0	1021998.0	1678463.25429
SUBJ106/SUBJ106_ses-1	93141.0	967868.0	1354761.63535
SUBJ106/SUBJ106_ses-1.long.SUBJ106_tmpl	92398.0	959434.0	1347617.0956
SUBJ106/SUBJ106_ses-2	91420.0	935380.0	1347947.23197
SUBJ106/SUBJ106_ses-2.long.SUBJ106_tmpl	90598.0	928470.0	1347617.0956
SUBJ108/SUBJ108_ses-1	109670.0	1125615.0	1676505.94115
SUBJ108/SUBJ108_ses-1.long.SUBJ108_tmpl	108600.0	1121323.0	1671373.98464
SUBJ108/SUBJ108_ses-2	109128.0	1126431.0	1663209.09733
SUBJ108/SUBJ108_ses-2.long.SUBJ108_tmpl	108047.0	1116234.0	1671373.98464
SUBJ108/SUBJ108_ses-3	109259.0	1130532.0	1650508.83364
SUBJ108/SUBJ108_ses-3.long.SUBJ108_tmpl	110425.0	1131900.0	1671373.98464
SUBJ109/SUBJ109_ses-1	103994.0	1083061.0	1709452.14931
SUBJ109/SUBJ109_ses-1.long.SUBJ109_tmpl	102760.0	1076471.0	1703902.18948
SUBJ109/SUBJ109_ses-2	104364.0	1091771.0	1711162.64466
SUBJ109/SUBJ109_ses-2.long.SUBJ109_tmpl	103036.0	1084235.0	1703902.18948
SUBJ109/SUBJ109_ses-3	105255.0	1098878.0	1585798.17486
SUBJ109/SUBJ109_ses-3.long.SUBJ109_tmpl	105000.0	1081750.0	1703902.18948
SUBJ110/SUBJ110_ses-1	102191.0	1002002.0	1504595.21066
SUBJ110/SUBJ110_ses-1.long.SUBJ110_tmpl	101233.0	984164.0	1504360.44272
SUBJ111/SUBJ111_ses-1	97990.0	1007392.0	1539118.12334
SUBJ111/SUBJ111_ses-1.long.SUBJ111_tmpl	97693.0	998458.0	1540623.67617
SUBJ112/SUBJ112_ses-1	98216.0	996597.0	1580063.72665
SUBJ112/SUBJ112_ses-1.long.SUBJ112_tmpl	97609.0	989915.0	1584108.33117
SUBJ112/SUBJ112_ses-2	97987.0	982189.0	1577172.60231
SUBJ112/SUBJ112_ses-2.long.SUBJ112_tmpl	97463.0	975090.0	1584108.33117
SUBJ112/SUBJ112_ses-3	99833.0	1007397.0	1485131.01864
SUBJ112/SUBJ112_ses-3.long.SUBJ112_tmpl	99272.0	993350.0	1584108.33117
SUBJ113/SUBJ113_ses-1	108501.0	1190311.0	1601055.4351
SUBJ113/SUBJ113_ses-1.long.SUBJ113_tmpl	107756.0	1190089.0	1603369.46904
SUBJ115/SUBJ115_ses-1	99134.0	990650.0	1615984.24079
SUBJ115/SUBJ115_ses-1.long.SUBJ115_tmpl	98600.0	980659.0	1617584.92487
SUBJ118/SUBJ118_ses-1	124965.0	1308133.0	1792509.18817
SUBJ118/SUBJ118_ses-1.long.SUBJ118_tmpl	124843.0	1300188.0	1792274.85176
SUBJ118/SUBJ118_ses-2	124955.0	1282398.0	1789417.03275
SUBJ118/SUBJ118_ses-2.long.SUBJ118_tmpl	123298.0	1270689.0	1792274.85176
SUBJ118/SUBJ118_ses-3	122685.0	1281485.0	1799954.00148
SUBJ118/SUBJ118_ses-3.long.SUBJ118_tmpl	123700.0	1278152.0	1792274.85176
SUBJ119/SUBJ119_ses-1	112256.0	1194979.0	1645302.62517
SUBJ119/SUBJ119_ses-1.long.SUBJ119_tmpl	111161.0	1190120.0	1628499.77942
SUBJ119/SUBJ119_ses-2	110949.0	1175131.0	1635863.08199
SUBJ119/SUBJ119_ses-2.long.SUBJ119_tmpl	110235.0	1169326.0	1628499.77942
SUBJ119/SUBJ119_ses-3	114312.0	1200520.0	1579909.59369
SUBJ119/SUBJ119_ses-3.long.SUBJ119_tmpl	112777.0	1206058.0	1628499.77942
SUBJ120/SUBJ120_ses-1	102037.0	1054103.0	1508461.17778
SUBJ120/SUBJ120_ses-1.long.SUBJ120_tmpl	101267.0	1046951.0	1510890.93443
SUBJ121/SUBJ121_ses-1	114573.0	1212631.0	1892282.08501
SUBJ121/SUBJ121_ses-1.long.SUBJ121_tmpl	113312.0	1202540.0	1892220.7352
SUBJ123/SUBJ123_ses-1	113040.0	1133024.0	1754070.47651
SUBJ123/SUBJ123_ses-1.long.SUBJ123_tmpl	111391.0	1105434.0	1754101.54236
SUBJ124/SUBJ124_ses-1	95639.0	957023.0	1432128.5871
SUBJ124/SUBJ124_ses-1.long.SUBJ124_tmpl	94371.0	947319.0	1408987.84828
SUBJ124/SUBJ124_ses-2	94512.0	941949.0	1418508.76283
SUBJ124/SUBJ124_ses-2.long.SUBJ124_tmpl	93812.0	935642.0	1408987.84828
SUBJ124/SUBJ124_ses-3	96275.0	945223.0	1255418.36234
SUBJ124/SUBJ124_ses-3.long.SUBJ124_tmpl	95796.0	948515.0	1408987.84828
SUBJ125/SUBJ125_ses-1	98283.0	979762.0	1425849.60398
SUBJ125/SUBJ125_ses-1.long.SUBJ125_tmpl	97069.0	971806.0	1424423.33692
SUBJ125/SUBJ125_ses-2	97222.0	972718.0	1422462.10536
SUBJ125/SUBJ125_ses-2.long.SUBJ125_tmpl	96340.0	961561.0	1424423.33692
SUBJ125/SUBJ125_ses-3	98911.0	979316.0	1349300.81278
SUBJ125/SUBJ125_ses-3.long.SUBJ125_tmpl	98255.0	969891.0	1424423.33692
SUBJ128/SUBJ128_ses-1	99276.0	1037919.0	1492650.37953
SUBJ128/SUBJ128_ses-1.long.SUBJ128_tmpl	98496.0	1032833.0	1496853.86462
SUBJ128/SUBJ128_ses-2	99114.0	1038105.0	1508311.09138
SUBJ128/SUBJ128_ses-2.long.SUBJ128_tmpl	97752.0	1023538.0	1496853.86462
SUBJ128/SUBJ128_ses-3	99798.0	1030541.0	1395121.10716
SUBJ128/SUBJ128_ses-3.long.SUBJ128_tmpl	99273.0	1020765.0	1496853.86462
SUBJ129/SUBJ129_ses-1	92207.0	998056.0	1321249.875
SUBJ129/SUBJ129_ses-1.long.SUBJ129_tmpl	91365.0	987071.0	1327694.52926
SUBJ129/SUBJ129_ses-2	92460.0	990980.0	1309034.17684
SUBJ129/SUBJ129_ses-2.long.SUBJ129_tmpl	91092.0	982693.0	1327694.52926
SUBJ129/SUBJ129_ses-3	93793.0	993067.0	1285458.29184
SUBJ129/SUBJ129_ses-3.long.SUBJ129_tmpl	93506.0	983241.0	1327694.52926
SUBJ130/SUBJ130_ses-1	99848.0	1058497.0	1481813.80664
SUBJ130/SUBJ130_ses-1.long.SUBJ130_tmpl	98970.0	1050597.0	1475386.79504
SUBJ130/SUBJ130_ses-2	99045.0	1040085.0	1464318.29261
SUBJ130/SUBJ130_ses-2.long.SUBJ130_tmpl	97916.0	1033527.0	1475386.79504
SUBJ130/SUBJ130_ses-3	99550.0	1049838.0	1422186.66673
SUBJ130/SUBJ130_ses-3.long.SUBJ130_tmpl	98956.0	1048870.0	1475386.79504
SUBJ132/SUBJ132_ses-1	121972.0	1243569.0	1971793.90105
SUBJ132/SUBJ132_ses-1.long.SUBJ132_tmpl	120404.0	1231972.0	1978319.88677
SUBJ132/SUBJ132_ses-2	120459.0	1224001.0	1978017.21552
SUBJ132/SUBJ132_ses-2.long.SUBJ132_tmpl	119562.0	1214029.0	1978319.88677
SUBJ132/SUBJ132_ses-3	117724.0	1215940.0	1990997.39659
SUBJ132/SUBJ132_ses-3.long.SUBJ132_tmpl	119399.0	1195565.0	1978319.88677
SUBJ133/SUBJ133_ses-1	113669.0	1177614.0	1771634.77821
SUBJ133/SUBJ133_ses-1.long.SUBJ133_tmpl	112037.0	1147738.0	1765605.9254
SUBJ133/SUBJ133_ses-2	112777.0	1158896.0	1747835.41457
SUBJ133/SUBJ133_ses-2.long.SUBJ133_tmpl	111957.0	1143460.0	1765605.9254
SUBJ133/SUBJ133_ses-3	112273.0	1142909.0	1770853.61449
SUBJ133/SUBJ133_ses-3.long.SUBJ133_tmpl	110552.0	1113664.0	1765605.9254
SUBJ133/SUBJ133_ses-4	111457.0	1127856.0	1788892.65804
SUBJ133/SUBJ133_ses-4.long.SUBJ133_tmpl	110569.0	1116885.0	1765605.9254
SUBJ134/SUBJ134_ses-1	102395.0	1093604.0	1536925.86533
SUBJ134/SUBJ134_ses-1.long.SUBJ134_tmpl	101312.0	1083630.0	1544184.05599
SUBJ134/SUBJ134_ses-2	101929.0	1088842.0	1537697.97929
SUBJ134/SUBJ134_ses-2.long.SUBJ134_tmpl	101508.0	1087523.0	1544184.05599
SUBJ134/SUBJ134_ses-3	101092.0	1088254.0	1560389.27444
SUBJ134/SUBJ134_ses-3.long.SUBJ134_tmpl	101018.0	1082019.0	1544184.05599
SUBJ135/SUBJ135_ses-1	102325.0	999332.0	1537554.02585
SUBJ135/SUBJ135_ses-1.long.SUBJ135_tmpl	101294.0	984202.0	1541878.27619
SUBJ135/SUBJ135_ses-2	101182.0	983048.0	1545061.2026
SUBJ135/SUBJ135_ses-2.long.SUBJ135_tmpl	100683.0	976774.0	1541878.27619
SUBJ135/SUBJ135_ses-3	100856.0	975225.0	1408771.03624
SUBJ135/SUBJ135_ses-3.long.SUBJ135_tmpl	101104.0	978948.0	1541878.27619
SUBJ136/SUBJ136_ses-1	91206.0	851531.0	1365221.81121
SUBJ136/SUBJ136_ses-1.long.SUBJ136_tmpl	90366.0	847364.0	1371873.88859
SUBJ136/SUBJ136_ses-2	91822.0	835518.0	1375377.42332
SUBJ136/SUBJ136_ses-2.long.SUBJ136_tmpl	90013.0	832039.0	1371873.88859
SUBJ137/SUBJ137_ses-1	97490.0	976332.0	1528724.43474
SUBJ137/SUBJ137_ses-1.long.SUBJ137_tmpl	96712.0	972172.0	1527984.0196
SUBJ137/SUBJ137_ses-2	96709.0	963389.0	1532967.16899
SUBJ137/SUBJ137_ses-2.long.SUBJ137_tmpl	95997.0	959783.0	1527984.0196
SUBJ137/SUBJ137_ses-3	96462.0	974051.0	1373332.06183
SUBJ137/SUBJ137_ses-3.long.SUBJ137_tmpl	98000.0	976932.0	1527984.0196
SUBJ138/SUBJ138_ses-1	113302.0	1174294.0	1695466.98637
SUBJ138/SUBJ138_ses-1.long.SUBJ138_tmpl	114055.0	1158503.0	1691059.75913
SUBJ138/SUBJ138_ses-2	96693.0	1032897.0	1412645.54558
SUBJ138/SUBJ138_ses-2.long.SUBJ138_tmpl	103794.0	934696.0	1691059.75913
SUBJ138/SUBJ138_ses-3	112752.0	1171403.0	1698140.36529
SUBJ138/SUBJ138_ses-3.long.SUBJ138_tmpl	113844.0	1160813.0	1691059.75913
SUBJ138/SUBJ138_ses-4	99917.0	1001403.0	1491499.49268
SUBJ138/SUBJ138_ses-4.long.SUBJ138_tmpl	104057.0	1024992.0	1691059.75913
SUBJ139/SUBJ139_ses-1	93807.0	954853.0	1470644.26235
SUBJ139/SUBJ139_ses-1.long.SUBJ139_tmpl	93292.0	947628.0	1460571.47979
SUBJ139/SUBJ139_ses-2	93770.0	960144.0	1457471.22577
SUBJ139/SUBJ139_ses-2.long.SUBJ139_tmpl	93303.0	943156.0	1460571.47979
SUBJ139/SUBJ139_ses-3	92993.0	931201.0	1451390.59548
SUBJ139/SUBJ139_ses-3.long.SUBJ139_tmpl	92468.0	923305.0	1460571.47979
SUBJ140/SUBJ140_ses-1	111440.0	1174441.0	1593851.29402
SUBJ140/SUBJ140_ses-1.long.SUBJ140_tmpl	109866.0	1160881.0	1591286.29228
SUBJ140/SUBJ140_ses-2	111138.0	1160302.0	1589229.65606
SUBJ140/SUBJ140_ses-2.long.SUBJ140_tmpl	108909.0	1148787.0	1591286.29228
SUBJ140/SUBJ140_ses-3	111061.0	1150707.0	1600784.27131
SUBJ140/SUBJ140_ses-3.long.SUBJ140_tmpl	108980.0	1143547.0	1591286.29228
SUBJ141/SUBJ141_ses-1	122467.0	1236487.0	1849545.67762
SUBJ141/SUBJ141_ses-1.long.SUBJ141_tmpl	121679.0	1229751.0	1852256.25726
SUBJ142/SUBJ142_ses-1	96524.0	993976.0	1505523.50356
SUBJ142/SUBJ142_ses-1.long.SUBJ142_tmpl	95200.0	978226.0	1492399.69791
SUBJ142/SUBJ142_ses-2	96329.0	983845.0	1488371.60965
SUBJ142/SUBJ142_ses-2.long.SUBJ142_tmpl	94754.0	968699.0	1492399.69791
SUBJ142/SUBJ142_ses-3	94756.0	954356.0	1516676.73427
SUBJ142/SUBJ142_ses-3.long.SUBJ142_tmpl	94027.0	936703.0	1492399.69791
SUBJ143/SUBJ143_ses-1	112302.0	1163842.0	1792146.30731
SUBJ143/SUBJ143_ses-1.long.SUBJ143_tmpl	111230.0	1145940.0	1782661.38509
SUBJ143/SUBJ143_ses-2	110604.0	1123091.0	1788409.8862
SUBJ143/SUBJ143_ses-2.long.SUBJ143_tmpl	109578.0	1111440.0	1782661.38509
SUBJ143/SUBJ143_ses-3	112457.0	1136529.0	1681518.10246
SUBJ143/SUBJ143_ses-3.long.SUBJ143_tmpl	113099.0	1133260.0	1782661.38509
SUBJ144/SUBJ144_ses-1	105754.0	1059082.0	1576737.38903
SUBJ144/SUBJ144_ses-1.long.SUBJ144_tmpl	103451.0	1040312.0	1583987.33815
SUBJ144/SUBJ144_ses-2	103781.0	1017304.0	1584036.62368
SUBJ144/SUBJ144_ses-2.long.SUBJ144_tmpl	103000.0	1001954.0	1583987.33815
SUBJ144/SUBJ144_ses-3	102829.0	1023466.0	1366673.18505
SUBJ144/SUBJ144_ses-3.long.SUBJ144_tmpl	103413.0	1027651.0	1583987.33815
SUBJ146/SUBJ146_ses-1	104008.0	1130665.0	1515767.53872
SUBJ146/SUBJ146_ses-1.long.SUBJ146_tmpl	103124.0	1121406.0	1517203.22383
SUBJ147/SUBJ147_ses-1	93690.0	947664.0	1319961.98373
SUBJ147/SUBJ147_ses-1.long.SUBJ147_tmpl	93343.0	937670.0	1319771.91566
SUBJ148/SUBJ148_ses-1	96695.0	948715.0	1382231.48779
SUBJ148/SUBJ148_ses-1.long.SUBJ148_tmpl	96013.0	940940.0	1375164.11919
SUBJ148/SUBJ148_ses-2	95846.0	936254.0	1370194.05752
SUBJ148/SUBJ148_ses-2.long.SUBJ148_tmpl	94801.0	927685.0	1375164.11919
SUBJ148/SUBJ148_ses-3	95190.0	914350.0	1365116.09294
SUBJ148/SUBJ148_ses-3.long.SUBJ148_tmpl	93651.0	903479.0	1375164.11919
SUBJ152/SUBJ152_ses-1	103923.0	1047894.0	1552696.63027
SUBJ152/SUBJ152_ses-1.long.SUBJ152_tmpl	102089.0	1039647.0	1558462.95189
SUBJ152/SUBJ152_ses-2	102217.0	1019201.0	1570400.25628
SUBJ152/SUBJ152_ses-2.long.SUBJ152_tmpl	101080.0	1008181.0	1558462.95189
SUBJ153/SUBJ153_ses-1	95232.0	962404.0	1407046.81361
SUBJ153/SUBJ153_ses-1.long.SUBJ153_tmpl	93917.0	934567.0	1394294.54853
SUBJ153/SUBJ153_ses-2	92789.0	903953.0	1390426.21284
SUBJ153/SUBJ153_ses-2.long.SUBJ153_tmpl	92406.0	902332.0	1394294.54853
SUBJ154/SUBJ154_ses-1	95440.0	1020478.0	1433337.97109
SUBJ154/SUBJ154_ses-1.long.SUBJ154_tmpl	94434.0	1008606.0	1427325.85187
SUBJ154/SUBJ154_ses-2	94879.0	994717.0	1423897.59657
SUBJ154/SUBJ154_ses-2.long.SUBJ154_tmpl	93616.0	993149.0	1427325.85187
SUBJ154/SUBJ154_ses-3	94136.0	980948.0	1420437.12366
SUBJ154/SUBJ154_ses-3.long.SUBJ154_tmpl	93049.0	971703.0	1427325.85187
SUBJ155/SUBJ155_ses-1	100398.0	1125921.0	1583473.01708
SUBJ155/SUBJ155_ses-1.long.SUBJ155_tmpl	100083.0	1119285.0	1574978.89845
SUBJ155/SUBJ155_ses-2	100590.0	1093954.0	1597771.74623
SUBJ155/SUBJ155_ses-2.long.SUBJ155_tmpl	99371.0	1101271.0	1574978.89845
SUBJ155/SUBJ155_ses-3	89239.0	955254.0	1365928.73091
SUBJ155/SUBJ155_ses-3.long.SUBJ155_tmpl	97402.0	1010671.0	1574978.89845
SUBJ157/SUBJ157_ses-1	96657.0	945115.0	1368217.91024
SUBJ157/SUBJ157_ses-1.long.SUBJ157_tmpl	94455.0	927495.0	1349619.17958
SUBJ157/SUBJ157_ses-2	95532.0	927624.0	1353849.38414
SUBJ157/SUBJ157_ses-2.long.SUBJ157_tmpl	94049.0	923987.0	1349619.17958
SUBJ157/SUBJ157_ses-3	85035.0	795110.0	1183785.35498
SUBJ157/SUBJ157_ses-3.long.SUBJ157_tmpl	91669.0	828814.0	1349619.17958
SUBJ161/SUBJ161_ses-1	106953.0	1060203.0	1552698.25307
SUBJ161/SUBJ161_ses-1.long.SUBJ161_tmpl	106197.0	1049479.0	1565827.45344
SUBJ161/SUBJ161_ses-2	106201.0	1060851.0	1569019.43702
SUBJ161/SUBJ161_ses-2.long.SUBJ161_tmpl	105773.0	1051945.0	1565827.45344
SUBJ161/SUBJ161_ses-3	104982.0	1020162.0	1592094.30655
SUBJ161/SUBJ161_ses-3.long.SUBJ161_tmpl	104512.0	1008299.0	1565827.45344
SUBJ162/SUBJ162_ses-1	114907.0	1166949.0	1774516.76924
SUBJ162/SUBJ162_ses-1.long.SUBJ162_tmpl	114606.0	1160039.0	1773442.02125
SUBJ163/SUBJ163_ses-1	103984.0	1194142.0	1567888.90969
SUBJ163/SUBJ163_ses-1.long.SUBJ163_tmpl	103184.0	1187040.0	1573401.39476
SUBJ164/SUBJ164_ses-1	98572.0	1009337.0	1457044.21602
SUBJ164/SUBJ164_ses-1.long.SUBJ164_tmpl	97557.0	999262.0	1456001.26521
SUBJ166/SUBJ166_ses-1	101701.0	1001402.0	1539952.082
SUBJ166/SUBJ166_ses-1.long.SUBJ166_tmpl	100511.0	985124.0	1553359.01272
SUBJ166/SUBJ166_ses-2	101489.0	1003831.0	1561283.29238
SUBJ166/SUBJ166_ses-2.long.SUBJ166_tmpl	101304.0	988704.0	1553359.01272
SUBJ166/SUBJ166_ses-3	102042.0	993366.0	1557427.87549
SUBJ166/SUBJ166_ses-3.long.SUBJ166_tmpl	100897.0	972622.0	1553359.01272
SUBJ167/SUBJ167_ses-1	112189.0	1088768.0	1706460.40348
SUBJ167/SUBJ167_ses-1.long.SUBJ167_tmpl	110970.0	1076150.0	1706809.37617
SUBJ168/SUBJ168_ses-1	111222.0	1127464.0	1553960.78259
SUBJ168/SUBJ168_ses-1.long.SUBJ168_tmpl	110134.0	1113084.0	1553378.35546
SUBJ170/SUBJ170_ses-1	98333.0	995994.0	1532807.85356
SUBJ170/SUBJ170_ses-1.long.SUBJ170_tmpl	97892.0	989898.0	1528508.38238
SUBJ170/SUBJ170_ses-2	97116.0	961266.0	1522639.22834
SUBJ170/SUBJ170_ses-2.long.SUBJ170_tmpl	96784.0	951880.0	1528508.38238
SUBJ170/SUBJ170_ses-3	97576.0	974573.0	1524783.35022
SUBJ170/SUBJ170_ses-3.long.SUBJ170_tmpl	96755.0	959404.0	1528508.38238
SUBJ171/SUBJ171_ses-1	108188.0	1059296.0	1605283.73449
SUBJ171/SUBJ171_ses-2	107773.0	1033891.0	1610485.50465
SUBJ171/SUBJ171_ses-3	105945.0	1017834.0	1608025.57354
SUBJ171/SUBJ171_ses-3.long.SUBJ171_tmpl	105353.0	1006475.0	1608751.53487
SUBJ174/SUBJ174_ses-1	102177.0	1056322.0	1679580.7637
SUBJ174/SUBJ174_ses-1.long.SUBJ174_tmpl	100005.0	1035998.0	1641269.20825
SUBJ174/SUBJ174_ses-2	101498.0	1044225.0	1477842.04919
SUBJ174/SUBJ174_ses-2.long.SUBJ174_tmpl	100427.0	1016160.0	1641269.20825
SUBJ175/SUBJ175_ses-1	98895.0	1040375.0	1526855.9097
SUBJ175/SUBJ175_ses-1.long.SUBJ175_tmpl	97897.0	1036398.0	1526698.00454
SUBJ176/SUBJ176_ses-1	118615.0	1277481.0	1885209.99267
SUBJ176/SUBJ176_ses-1.long.SUBJ176_tmpl	117600.0	1265794.0	1885495.36809
SUBJ182/SUBJ182_ses-1	104725.0	1029648.0	1572319.00481
SUBJ182/SUBJ182_ses-1.long.SUBJ182_tmpl	104793.0	1025891.0	1573532.74532
SUBJ183/SUBJ183_ses-1	102074.0	1079137.0	1515860.33557
SUBJ183/SUBJ183_ses-1.long.SUBJ183_tmpl	99984.0	1062191.0	1510357.50895
SUBJ183/SUBJ183_ses-2	97698.0	1030716.0	1505188.89783
SUBJ183/SUBJ183_ses-2.long.SUBJ183_tmpl	99382.0	1026138.0	1510357.50895
SUBJ183/SUBJ183_ses-3	99766.0	1013620.0	1520157.42839
SUBJ183/SUBJ183_ses-3.long.SUBJ183_tmpl	98562.0	1014311.0	1510357.50895
SUBJ187/SUBJ187_ses-1	106283.0	1054156.0	1547151.94037
SUBJ187/SUBJ187_ses-1.long.SUBJ187_tmpl	105429.0	1040536.0	1551892.28881
SUBJ187/SUBJ187_ses-2	107408.0	1041439.0	1562232.2468
SUBJ187/SUBJ187_ses-2.long.SUBJ187_tmpl	106604.0	1034407.0	1551892.28881
SUBJ187/SUBJ187_ses-3	106305.0	1032002.0	1546262.03112
SUBJ187/SUBJ187_ses-3.long.SUBJ187_tmpl	105041.0	1021049.0	1551892.28881
SUBJ188/SUBJ188_ses-1	104616.0	1066188.0	1689186.98312
SUBJ188/SUBJ188_ses-1.long.SUBJ188_tmpl	103114.0	1054533.0	1675137.31676
SUBJ188/SUBJ188_ses-2	103664.0	1018724.0	1517049.84373
SUBJ188/SUBJ188_ses-2.long.SUBJ188_tmpl	102905.0	1018925.0	1675137.31676
SUBJ188/SUBJ188_ses-3	101476.0	1030445.0	1655269.78387
SUBJ188/SUBJ188_ses-3.long.SUBJ188_tmpl	101839.0	1018995.0	1675137.31676
SUBJ189/SUBJ189_ses-1	97419.0	986542.0	1433069.74078
SUBJ189/SUBJ189_ses-2	95096.0	949252.0	1431957.16758
SUBJ189/SUBJ189_ses-2.long.SUBJ189_tmpl	94457.0	940704.0	1432036.59773
SUBJ191/SUBJ191_ses-1	116148.0	1204218.0	1719996.24218
SUBJ191/SUBJ191_ses-1.long.SUBJ191_tmpl	115169.0	1186941.0	1723783.58168
SUBJ191/SUBJ191_ses-2	116902.0	1192468.0	1724043.27252
SUBJ191/SUBJ191_ses-2.long.SUBJ191_tmpl	115827.0	1182846.0	1723783.58168
SUBJ191/SUBJ191_ses-3	115400.0	1183379.0	1731047.39897
SUBJ191/SUBJ191_ses-3.long.SUBJ191_tmpl	114822.0	1169812.0	1723783.58168
SUBJ192/SUBJ192_ses-1	115499.0	1119706.0	1717262.14204
SUBJ192/SUBJ192_ses-1.long.SUBJ192_tmpl	114113.0	1109449.0	1725746.47572
SUBJ192/SUBJ192_ses-2	112772.0	1075012.0	1735347.31762
SUBJ192/SUBJ192_ses-2.long.SUBJ192_tmpl	111984.0	1062908.0	1725746.47572
SUBJ194/SUBJ194_ses-1	88676.0	902785.0	1307627.55861
SUBJ194/SUBJ194_ses-1.long.SUBJ194_tmpl	88532.0	892693.0	1307654.44966
SUBJ197/SUBJ197_ses-1	92932.0	917691.0	1282963.59197
SUBJ197/SUBJ197_ses-1.long.SUBJ197_tmpl	91831.0	910742.0	1278131.37121
SUBJ197/SUBJ197_ses-2	91781.0	892917.0	1276609.91592
SUBJ197/SUBJ197_ses-2.long.SUBJ197_tmpl	90708.0	888367.0	1278131.37121
SUBJ198/SUBJ198_ses-1	102028.0	1016063.0	1498152.01181
SUBJ198/SUBJ198_ses-1.long.SUBJ198_tmpl	100702.0	985543.0	1494976.90981
SUBJ198/SUBJ198_ses-2	100503.0	947586.0	1500132.51558
SUBJ198/SUBJ198_ses-2.long.SUBJ198_tmpl	99616.0	934730.0	1494976.90981
SUBJ200/SUBJ200_ses-1	112665.0	1148645.0	1749337.07143
SUBJ200/SUBJ200_ses-1.long.SUBJ200_tmpl	111789.0	1132721.0	1748767.61261
SUBJ201/SUBJ201_ses-1	104425.0	1068121.0	1679781.37588
SUBJ201/SUBJ201_ses-1.long.SUBJ201_tmpl	103742.0	1056574.0	1679596.99044
SUBJ202/SUBJ202_ses-1	98319.0	1007007.0	1533841.26084
SUBJ202/SUBJ202_ses-1.long.SUBJ202_tmpl	97791.0	1000036.0	1534007.99098
SUBJ203/SUBJ203_ses-1	104309.0	1012880.0	1587575.36964
SUBJ203/SUBJ203_ses-1.long.SUBJ203_tmpl	103121.0	1000444.0	1578568.4256
SUBJ203/SUBJ203_ses-2	102855.0	992662.0	1560619.79937
SUBJ203/SUBJ203_ses-2.long.SUBJ203_tmpl	101904.0	971471.0	1578568.4256
SUBJ205/SUBJ205_ses-1	121255.0	1190785.0	1938807.88508
SUBJ205/SUBJ205_ses-1.long.SUBJ205_tmpl	120347.0	1177247.0	1939259.29092
SUBJ206/SUBJ206_ses-1	96762.0	983004.0	1460804.13887
SUBJ206/SUBJ206_ses-1.long.SUBJ206_tmpl	95871.0	974783.0	1460091.51195
SUBJ208/SUBJ208_ses-1	92911.0	1017208.0	1521035.79785
SUBJ208/SUBJ208_ses-1.long.SUBJ208_tmpl	92583.0	1004943.0	1525510.41268
SUBJ209/SUBJ209_ses-1	103355.0	1048025.0	1640245.87346
SUBJ209/SUBJ209_ses-1.long.SUBJ209_tmpl	101131.0	1033157.0	1642701.58015
SUBJ209/SUBJ209_ses-2	99138.0	1018210.0	1649749.70191
SUBJ209/SUBJ209_ses-2.long.SUBJ209_tmpl	97869.0	956417.0	1642701.58015
SUBJ211/SUBJ211_ses-1	91965.0	935781.0	1518897.39519
SUBJ211/SUBJ211_ses-1.long.SUBJ211_tmpl	91217.0	922956.0	1518216.39545
SUBJ212/SUBJ212_ses-1	115903.0	1121818.0	1687281.76568
SUBJ212/SUBJ212_ses-1.long.SUBJ212_tmpl	113997.0	1111549.0	1706792.26285
SUBJ212/SUBJ212_ses-2	116604.0	1160893.0	1734909.95509
SUBJ212/SUBJ212_ses-2.long.SUBJ212_tmpl	111411.0	1098171.0	1706792.26285
SUBJ213/SUBJ213_ses-1	103124.0	1073421.0	1551662.86153
SUBJ213/SUBJ213_ses-1.long.SUBJ213_tmpl	103419.0	1068405.0	1557173.06774
SUBJ213/SUBJ213_ses-2	103651.0	1045201.0	1559320.98754
SUBJ213/SUBJ213_ses-2.long.SUBJ213_tmpl	101893.0	1035932.0	1557173.06774
SUBJ214/SUBJ214_ses-1	100231.0	997858.0	1518360.27736
SUBJ214/SUBJ214_ses-1.long.SUBJ214_tmpl	98261.0	962463.0	1517169.84095
SUBJ215/SUBJ215_ses-1	101814.0	920185.0	1389794.76513
SUBJ215/SUBJ215_ses-1.long.SUBJ215_tmpl	101509.0	907760.0	1390929.06136
SUBJ216/SUBJ216_ses-1	100834.0	1072146.0	1515864.41327
SUBJ216/SUBJ216_ses-2	98675.0	1040448.0	1470010.46307
SUBJ216/SUBJ216_ses-2.long.SUBJ216_tmpl	98066.0	1035118.0	1468251.89298
SUBJ217/SUBJ217_ses-1	90294.0	941589.0	1329447.97597
SUBJ217/SUBJ217_ses-1.long.SUBJ217_tmpl	89472.0	929543.0	1329041.55159
SUBJ217/SUBJ217_ses-2	91273.0	923101.0	1319083.2045
SUBJ217/SUBJ217_ses-2.long.SUBJ217_tmpl	90435.0	909419.0	1329041.55159
SUBJ218/SUBJ218_ses-1	86146.0	859251.0	1279980.49834
SUBJ218/SUBJ218_ses-1.long.SUBJ218_tmpl	85208.0	849931.0	1279243.35017
SUBJ219/SUBJ219_ses-1	111341.0	1106619.0	1684652.51288
SUBJ219/SUBJ219_ses-1.long.SUBJ219_tmpl	110961.0	1092132.0	1685330.08797
SUBJ220/SUBJ220_ses-1	100289.0	1116587.0	1585067.40909
SUBJ220/SUBJ220_ses-1.long.SUBJ220_tmpl	99515.0	1106057.0	1583588.86749
SUBJ222/SUBJ222_ses-1	95315.0	1038332.0	1482759.79934
SUBJ222/SUBJ222_ses-1.long.SUBJ222_tmpl	94260.0	1027310.0	1483560.58737
SUBJ223/SUBJ223_ses-2	107427.0	1164024.0	1795615.99469
SUBJ223/SUBJ223_ses-2.long.SUBJ223_tmpl	107755.0	1150155.0	1806618.88377
SUBJ225/SUBJ225_ses-1	105784.0	1080168.0	1634837.31671
SUBJ225/SUBJ225_ses-1.long.SUBJ225_tmpl	104016.0	1067204.0	1630849.28905
SUBJ225/SUBJ225_ses-2	102649.0	1018506.0	1629052.21567
SUBJ225/SUBJ225_ses-2.long.SUBJ225_tmpl	101274.0	1010605.0	1630849.28905
SUBJ227/SUBJ227_ses-1	92681.0	891768.0	1460156.08958
SUBJ227/SUBJ227_ses-1.long.SUBJ227_tmpl	91476.0	876010.0	1459001.46932
SUBJ228/SUBJ228_ses-1	101358.0	1069465.0	1530633.95229
SUBJ228/SUBJ228_ses-1.long.SUBJ228_tmpl	100328.0	1059574.0	1534370.9487
SUBJ228/SUBJ228_ses-2	99738.0	1041284.0	1531548.58756
SUBJ228/SUBJ228_ses-2.long.SUBJ228_tmpl	99004.0	1036935.0	1534370.9487
SUBJ229/SUBJ229_ses-1	92399.0	1000749.0	1379856.18371
SUBJ229/SUBJ229_ses-1.long.SUBJ229_tmpl	91540.0	996843.0	1380444.81286
SUBJ229/SUBJ229_ses-2	89722.0	985328.0	1380381.03016
SUBJ229/SUBJ229_ses-2.long.SUBJ229_tmpl	90380.0	977765.0	1380444.81286
SUBJ231/SUBJ231_ses-1	108192.0	1171988.0	1725058.05312
SUBJ231/SUBJ231_ses-1.long.SUBJ231_tmpl	106815.0	1156317.0	1725924.72805
